    Step    Atoms         KinEng            CPU         Volume 
  150001     1005  2.3338009e-06              0          0.011 
    Step    Atoms         KinEng            rke       heattran         Volume 
  150001     1005  2.3338009e-06    5.06343e-06      840.47342          0.011 
    Step    Atoms         KinEng            rke       heattran         Volume 
  150001     1005  2.3338009e-06    5.06343e-06      840.47342          0.011 
  150501     1005  2.4508543e-06  5.7530481e-06      840.47342          0.011 
    Step    Atoms         KinEng            rke       heattran         Volume 
  150501     1005  2.4508543e-06  5.7530481e-06      840.47342          0.011 
  151000     1005  1.5470023e-06  5.4809678e-06      834.43112          0.011 
  151001     1005  1.5455309e-06  5.4812829e-06      834.41902          0.011 
    Step    Atoms         KinEng            rke       heattran         Volume 
  151001     1005  1.5455309e-06  5.4812829e-06      840.47342          0.011 
  151501     1005  0.00010518122   1.575762e-05       831.7114          0.011 
    Step    Atoms         KinEng            rke       heattran         Volume 
  151501     1005  0.00010518122   1.575762e-05      840.47342          0.011 
  152000     1005  3.2697697e-05  1.5180735e-05      831.76741          0.011 
  152001     1005  3.2589938e-05  1.5164458e-05      831.74996          0.011 
    Step    Atoms         KinEng            rke       heattran         Volume 
  152001     1005  3.2589938e-05  1.5164458e-05      840.47342          0.011 
  152501     1005  2.9214535e-05  1.2311021e-05      831.78776          0.011 
    Step    Atoms         KinEng            rke       heattran         Volume 
  152501     1005  2.9214535e-05  1.2311021e-05      840.47342          0.011 
  153000     1005  2.0328198e-05  1.3462895e-05      831.84186          0.011 
  153001     1005  2.0315796e-05  1.3463039e-05      831.82456          0.011 
    Step    Atoms         KinEng            rke       heattran         Volume 
  153001     1005  2.0315796e-05  1.3463039e-05      840.47342          0.011 
  153501     1005  1.9910497e-05   1.300739e-05      831.86352          0.011 
    Step    Atoms         KinEng            rke       heattran         Volume 
  153501     1005  1.9910497e-05   1.300739e-05      840.47342          0.011 
  154000     1005  8.9503294e-06  1.1338356e-05      831.91865          0.011 
  154001     1005  8.9394206e-06  1.1336444e-05      831.90151          0.011 
    Step    Atoms         KinEng            rke       heattran         Volume 
  154001     1005  8.9394206e-06  1.1336444e-05      840.47342          0.011 
  154501     1005  1.1289703e-05  1.1892169e-05      831.93877          0.011 
    Step    Atoms         KinEng            rke       heattran         Volume 
  154501     1005  1.1289703e-05  1.1892169e-05      840.47342          0.011 
  155000     1005  7.2821819e-06  1.1500122e-05      831.99216          0.011 
  155001     1005  7.2701279e-06  1.1496405e-05      831.97517          0.011 
    Step    Atoms         KinEng            rke       heattran         Volume 
  155001     1005  7.2701279e-06  1.1496405e-05      840.47342          0.011 
  155501     1005  5.6951783e-06  1.0357174e-05      832.01115          0.011 
    Step    Atoms         KinEng            rke       heattran         Volume 
  155501     1005  5.6951783e-06  1.0357174e-05      840.47342          0.011 
  156000     1005  5.3762655e-06  1.0953895e-05      832.06325          0.011 
  156001     1005  5.3715647e-06  1.0953704e-05      832.04639          0.011 
    Step    Atoms         KinEng            rke       heattran         Volume 
  156001     1005  5.3715647e-06  1.0953704e-05      840.47342          0.011 
  156501     1005  3.7372587e-06  1.0272653e-05      832.08105          0.011 
    Step    Atoms         KinEng            rke       heattran         Volume 
  156501     1005  3.7372587e-06  1.0272653e-05      840.47342          0.011 
  157000     1005  4.0732083e-06  1.0424163e-05      832.13188          0.011 
  157001     1005  4.0730611e-06  1.0424691e-05      832.11517          0.011 
    Step    Atoms         KinEng            rke       heattran         Volume 
  157001     1005  4.0730611e-06  1.0424691e-05      840.47342          0.011 
  157501     1005  3.1668714e-06  1.0095695e-05      832.14896          0.011 
    Step    Atoms         KinEng            rke       heattran         Volume 
  157501     1005  3.1668714e-06  1.0095695e-05      840.47342          0.011 
  158000     1005  2.4610292e-06  9.6114697e-06      832.19881          0.011 
  158001     1005  2.4608792e-06  9.6113112e-06      832.18222          0.011 
    Step    Atoms         KinEng            rke       heattran         Volume 
  158001     1005  2.4608792e-06  9.6113112e-06      840.47342          0.011 
  158501     1005  2.6493825e-06  9.6531901e-06      832.21503          0.011 
    Step    Atoms         KinEng            rke       heattran         Volume 
  158501     1005  2.6493825e-06  9.6531901e-06      840.47342          0.011 
  159000     1005  2.5415558e-06  9.5014931e-06      832.26356          0.011 
  159001     1005  2.5408059e-06  9.5009913e-06      832.24711          0.011 
    Step    Atoms         KinEng            rke       heattran         Volume 
  159001     1005  2.5408059e-06  9.5009913e-06      840.47342          0.011 
  159501     1005   2.130045e-06  9.1358036e-06      832.27862          0.011 
    Step    Atoms         KinEng            rke       heattran         Volume 
  159501     1005   2.130045e-06  9.1358036e-06      840.47342          0.011 
  160000     1005  1.9360822e-06  8.6956059e-06      832.32606          0.011 
  160001     1005  1.9358297e-06  8.6948874e-06      832.30974          0.011 
    Step    Atoms         KinEng            rke       heattran         Volume 
  160001     1005  1.9358297e-06  8.6948874e-06      840.47342          0.011 
  160501     1005  1.8052196e-06  8.4072198e-06      832.34023          0.011 
    Step    Atoms         KinEng            rke       heattran         Volume 
  160501     1005  1.8052196e-06  8.4072198e-06      840.47342          0.011 
  161000     1005  1.8490749e-06  8.1415588e-06      832.38636          0.011 
  161001     1005  1.8494898e-06  8.1408076e-06      832.37015          0.011 
    Step    Atoms         KinEng            rke       heattran         Volume 
  161001     1005  1.8494898e-06  8.1408076e-06      840.47342          0.011 
  161501     1005  1.8938968e-06  7.6630364e-06      832.39958          0.011 
    Step    Atoms         KinEng            rke       heattran         Volume 
  161501     1005  1.8938968e-06  7.6630364e-06      840.47342          0.011 
  162000     1005  1.5238344e-06  7.1267297e-06      832.44461          0.011 
  162001     1005  1.5231495e-06  7.1258241e-06      832.42852          0.011 
    Step    Atoms         KinEng            rke       heattran         Volume 
  162001     1005  1.5231495e-06  7.1258241e-06      840.47342          0.011 
  162501     1005  1.3869567e-06  6.7545436e-06      832.45691          0.011 
    Step    Atoms         KinEng            rke       heattran         Volume 
  162501     1005  1.3869567e-06  6.7545436e-06      840.47342          0.011 
  163000     1005  1.4230331e-06  6.3439578e-06       832.5007          0.011 
  163001     1005  1.4229668e-06  6.3429898e-06      832.48472          0.011 
    Step    Atoms         KinEng            rke       heattran         Volume 
  163001     1005  1.4229668e-06  6.3429898e-06      840.47342          0.011 
  163501     1005  1.3023308e-06  5.8256611e-06      832.51199          0.011 
    Step    Atoms         KinEng            rke       heattran         Volume 
  163501     1005  1.3023308e-06  5.8256611e-06      840.47342          0.011 
  164000     1005  1.1324593e-06  5.3157668e-06      832.55462          0.011 
  164001     1005  1.1321665e-06  5.3147752e-06      832.53875          0.011 
    Step    Atoms         KinEng            rke       heattran         Volume 
  164001     1005  1.1321665e-06  5.3147752e-06      840.47342          0.011 
  164501     1005  1.0100206e-06   4.819533e-06      832.56501          0.011 
    Step    Atoms         KinEng            rke       heattran         Volume 
  164501     1005  1.0100206e-06   4.819533e-06      840.47342          0.011 
  165000     1005  9.0989619e-07  4.3137011e-06      832.60652          0.011 
  165001     1005  9.0971421e-07  4.3127024e-06      832.59076          0.011 
    Step    Atoms         KinEng            rke       heattran         Volume 
  165001     1005  9.0971421e-07  4.3127024e-06      840.47342          0.011 
  165501     1005  8.3077542e-07  3.8338303e-06      832.61598          0.011 
    Step    Atoms         KinEng            rke       heattran         Volume 
  165501     1005  8.3077542e-07  3.8338303e-06      840.47342          0.011 
  166000     1005  7.4400978e-07  3.3638807e-06      832.65635          0.011 
  166001     1005  7.4378537e-07  3.3629039e-06      832.64068          0.011 
    Step    Atoms         KinEng            rke       heattran         Volume 
  166001     1005  7.4378537e-07  3.3629039e-06      840.47342          0.011 
  166501     1005  6.1100277e-07  2.8659448e-06      832.66487          0.011 
    Step    Atoms         KinEng            rke       heattran         Volume 
  166501     1005  6.1100277e-07  2.8659448e-06      840.47342          0.011 
  167000     1005  4.9117773e-07    2.40381e-06      832.70412          0.011 
  167001     1005  4.9099818e-07  2.4029518e-06      832.68855          0.011 
    Step    Atoms         KinEng            rke       heattran         Volume 
  167001     1005  4.9099818e-07  2.4029518e-06      840.47342          0.011 
  167501     1005  4.3088777e-07  2.0010937e-06      832.71173          0.011 
    Step    Atoms         KinEng            rke       heattran         Volume 
  167501     1005  4.3088777e-07  2.0010937e-06      840.47342          0.011 
  168000     1005  3.7964593e-07  1.6230713e-06      832.74989          0.011 
  168001     1005  3.7949998e-07  1.6223163e-06      832.73441          0.011 
    Step    Atoms         KinEng            rke       heattran         Volume 
  168001     1005  3.7949998e-07  1.6223163e-06      840.47342          0.011 
  168501     1005  2.8403886e-07  1.2514435e-06      832.75659          0.011 
    Step    Atoms         KinEng            rke       heattran         Volume 
  168501     1005  2.8403886e-07  1.2514435e-06      840.47342          0.011 
  169000     1005  1.8879302e-07  9.1901369e-07      832.79368          0.011 
  169001     1005  1.8864774e-07  9.1840815e-07      832.77829          0.011 
    Step    Atoms         KinEng            rke       heattran         Volume 
  169001     1005  1.8864774e-07  9.1840815e-07      840.47342          0.011 
  169501     1005  1.4298077e-07  6.4930564e-07      832.79949          0.011 
    Step    Atoms         KinEng            rke       heattran         Volume 
  169501     1005  1.4298077e-07  6.4930564e-07      840.47342          0.011 
  170000     1005  1.2016329e-07   4.340841e-07      832.83553          0.011 
  170001     1005   1.201047e-07  4.3368883e-07      832.82022          0.011 
    Step    Atoms         KinEng            rke       heattran         Volume 
  170001     1005   1.201047e-07  4.3368883e-07      840.47342          0.011 
  170501     1005  5.1089359e-08  1.3997119e-07      832.84047          0.011 
    Step    Atoms         KinEng            rke       heattran         Volume 
  170501     1005  5.1089359e-08  1.3997119e-07      840.47342          0.011 
  171000     1005  1.0436197e-08  1.1307099e-08      832.87546          0.011 
  171001     1005  1.0415687e-08  1.1345479e-08      832.86023          0.011 
    Step    Atoms         KinEng            rke       heattran         Volume 
  171001     1005  1.0415687e-08  1.1345479e-08      840.47342          0.011 
  171501     1005  8.5537888e-09   3.373659e-08      832.87952          0.011 
    Step    Atoms         KinEng            rke       heattran         Volume 
  171501     1005  8.5537888e-09   3.373659e-08      840.47342          0.011 
  172000     1005  3.2483009e-08  9.6764531e-08       832.9135          0.011 
  172001     1005  3.2562153e-08  9.6948509e-08      832.89835          0.011 
    Step    Atoms         KinEng            rke       heattran         Volume 
  172001     1005  3.2562153e-08  9.6948509e-08      840.47342          0.011 
  172501     1005  6.3192876e-08  2.1571638e-07      832.91671          0.011 
    Step    Atoms         KinEng            rke       heattran         Volume 
  172501     1005  6.3192876e-08  2.1571638e-07      840.47342          0.011 
  173000     1005  7.6989614e-08  3.8164191e-07      832.94969          0.011 
  173001     1005  7.7024341e-08  3.8202002e-07      832.93461          0.011 
    Step    Atoms         KinEng            rke       heattran         Volume 
  173001     1005  7.7024341e-08  3.8202002e-07      840.47342          0.011 
  173501     1005  1.0874661e-07  5.9130392e-07      832.95207          0.011 
    Step    Atoms         KinEng            rke       heattran         Volume 
  173501     1005  1.0874661e-07  5.9130392e-07      840.47342          0.011 
  174000     1005  1.6337917e-07  8.5023101e-07      832.98407          0.011 
  174001     1005  1.6349597e-07  8.5080696e-07      832.96906          0.011 
    Step    Atoms         KinEng            rke       heattran         Volume 
  174001     1005  1.6349597e-07  8.5080696e-07      840.47342          0.011 
  174501     1005  2.2154702e-07  1.1605689e-06      832.98561          0.011 
    Step    Atoms         KinEng            rke       heattran         Volume 
  174501     1005  2.2154702e-07  1.1605689e-06      840.47342          0.011 
  175000     1005  2.8228672e-07  1.4997154e-06      833.01665          0.011 
  175001     1005  2.8241196e-07  1.5004217e-06       833.0017          0.011 
    Step    Atoms         KinEng            rke       heattran         Volume 
  175001     1005  2.8241196e-07  1.5004217e-06      840.47342          0.011 
  175501     1005  3.4612304e-07  1.8696754e-06      833.01736          0.011 
    Step    Atoms         KinEng            rke       heattran         Volume 
  175501     1005  3.4612304e-07  1.8696754e-06      840.47342          0.011 
  176000     1005    4.16656e-07  2.2728508e-06      833.04747          0.011 
  176001     1005   4.168095e-07  2.2736913e-06      833.03259          0.011 
    Step    Atoms         KinEng            rke       heattran         Volume 
  176001     1005   4.168095e-07  2.2736913e-06      840.47342          0.011 
  176501     1005  4.9893396e-07  2.7067008e-06      833.04739          0.011 
    Step    Atoms         KinEng            rke       heattran         Volume 
  176501     1005  4.9893396e-07  2.7067008e-06      840.47342          0.011 
  177000     1005  5.8467223e-07  3.1573973e-06      833.07658          0.011 
  177001     1005  5.8484086e-07  3.1583132e-06      833.06175          0.011 
    Step    Atoms         KinEng            rke       heattran         Volume 
  177001     1005  5.8484086e-07  3.1583132e-06      840.47342          0.011 
  177501     1005  6.6667522e-07  3.6208449e-06       833.0757          0.011 
    Step    Atoms         KinEng            rke       heattran         Volume 
  177501     1005  6.6667522e-07  3.6208449e-06      840.47342          0.011 
  178000     1005  7.4837637e-07  4.0910716e-06        833.104          0.011 
  178001     1005  7.4854605e-07  4.0920223e-06      833.08923          0.011 
    Step    Atoms         KinEng            rke       heattran         Volume 
  178001     1005  7.4854605e-07  4.0920223e-06      840.47342          0.011 
  178501     1005  8.3694639e-07  4.5699976e-06      833.10234          0.011 
    Step    Atoms         KinEng            rke       heattran         Volume 
  178501     1005  8.3694639e-07  4.5699976e-06      840.47342          0.011 
  179000     1005  9.2734967e-07  5.0464473e-06      833.12976          0.011 
  179001     1005  9.2752659e-07  5.0473949e-06      833.11504          0.011 
    Step    Atoms         KinEng            rke       heattran         Volume 
  179001     1005  9.2752659e-07  5.0473949e-06      840.47342          0.011 
  179501     1005  1.0121328e-06   5.514618e-06      833.12734          0.011 
    Step    Atoms         KinEng            rke       heattran         Volume 
  179501     1005  1.0121328e-06   5.514618e-06      840.47342          0.011 
  180000     1005  1.0912603e-06   5.965424e-06      833.15391          0.011 
  180001     1005  1.0914173e-06  5.9663109e-06      833.13924          0.011 
    Step    Atoms         KinEng            rke       heattran         Volume 
  180001     1005  1.0914173e-06  5.9663109e-06      840.47342          0.011 
  180501     1005  1.1699916e-06  6.4006265e-06      833.15075          0.011 
    Step    Atoms         KinEng            rke       heattran         Volume 
  180501     1005  1.1699916e-06  6.4006265e-06      840.47342          0.011 
  181000     1005  1.2467142e-06  6.8122713e-06      833.17649          0.011 
  181001     1005   1.246863e-06  6.8130692e-06      833.16187          0.011 
    Step    Atoms         KinEng            rke       heattran         Volume 
  181001     1005   1.246863e-06  6.8130692e-06      840.47342          0.011 
  181501     1005  1.3171522e-06  7.1957821e-06      833.17259          0.011 
    Step    Atoms         KinEng            rke       heattran         Volume 
  181501     1005  1.3171522e-06  7.1957821e-06      840.47342          0.011 
  182000     1005  1.3785714e-06  7.5422936e-06      833.19752          0.011 
  182001     1005  1.3786868e-06  7.5429508e-06      833.18294          0.011 
    Step    Atoms         KinEng            rke       heattran         Volume 
  182001     1005  1.3786868e-06  7.5429508e-06      840.47342          0.011 
  182501     1005  1.4333437e-06  7.8523271e-06       833.1929          0.011 
    Step    Atoms         KinEng            rke       heattran         Volume 
  182501     1005  1.4333437e-06  7.8523271e-06      840.47342          0.011 
  183000     1005  1.4823526e-06  8.1211034e-06      833.21703          0.011 
  183001     1005  1.4824443e-06  8.1215994e-06      833.20249          0.011 
    Step    Atoms         KinEng            rke       heattran         Volume 
  183001     1005  1.4824443e-06  8.1215994e-06      840.47342          0.011 
  183501     1005  1.5239669e-06  8.3464408e-06      833.21172          0.011 
    Step    Atoms         KinEng            rke       heattran         Volume 
  183501     1005  1.5239669e-06  8.3464408e-06      840.47342          0.011 
  184000     1005  1.5552055e-06  8.5223801e-06      833.23509          0.011 
  184001     1005  1.5552569e-06   8.522683e-06      833.22058          0.011 
    Step    Atoms         KinEng            rke       heattran         Volume 
  184001     1005  1.5552569e-06   8.522683e-06      840.47342          0.011 
  184501     1005  1.5762673e-06   8.648734e-06      833.22909          0.011 
    Step    Atoms         KinEng            rke       heattran         Volume 
  184501     1005  1.5762673e-06   8.648734e-06      840.47342          0.011 
  185000     1005  1.5889947e-06   8.723889e-06      833.25172          0.011 
  185001     1005   1.589012e-06  8.7239889e-06      833.23725          0.011 
    Step    Atoms         KinEng            rke       heattran         Volume 
  185001     1005   1.589012e-06  8.7239889e-06      840.47342          0.011 
  185501     1005  1.5931638e-06  8.7480339e-06      833.24506          0.011 
    Step    Atoms         KinEng            rke       heattran         Volume 
  185501     1005  1.5931638e-06  8.7480339e-06      840.47342          0.011 
  186000     1005  1.5875191e-06  8.7195362e-06      833.26705          0.011 
  186001     1005  1.5874972e-06   8.719426e-06      833.25261          0.011 
    Step    Atoms         KinEng            rke       heattran         Volume 
  186001     1005  1.5874972e-06   8.719426e-06      840.47342          0.011 
  186501     1005  1.5713113e-06  8.6381095e-06      833.25976          0.011 
    Step    Atoms         KinEng            rke       heattran         Volume 
  186501     1005  1.5713113e-06  8.6381095e-06      840.47342          0.011 
  187000     1005  1.5458197e-06   8.506081e-06      833.28098          0.011 
  187001     1005  1.5457603e-06  8.5057669e-06      833.26657          0.011 
    Step    Atoms         KinEng            rke       heattran         Volume 
  187001     1005  1.5457603e-06  8.5057669e-06      840.47342          0.011 
  187501     1005  1.5708672e-06  8.2824212e-06      833.27306          0.011 
    Step    Atoms         KinEng            rke       heattran         Volume 
  187501     1005  1.5708672e-06  8.2824212e-06      840.47342          0.011 
  188000     1005   1.614342e-06  7.9977725e-06      833.29362          0.011 
  188001     1005  1.6142195e-06  7.9972889e-06      833.27923          0.011 
    Step    Atoms         KinEng            rke       heattran         Volume 
  188001     1005  1.6142195e-06  7.9972889e-06      840.47342          0.011 
  188501     1005  1.4901072e-06  7.7698871e-06      833.28509          0.011 
    Step    Atoms         KinEng            rke       heattran         Volume 
  188501     1005  1.4901072e-06  7.7698871e-06      840.47342          0.011 
  189000     1005  1.4003766e-06  7.4754799e-06      833.30501          0.011 
  189001     1005  1.4003052e-06  7.4747693e-06      833.29065          0.011 
    Step    Atoms         KinEng            rke       heattran         Volume 
  189001     1005  1.4003052e-06  7.4747693e-06      840.47342          0.011 
  189501     1005  1.3792882e-06  7.0903253e-06       833.2959          0.011 
    Step    Atoms         KinEng            rke       heattran         Volume 
  189501     1005  1.3792882e-06  7.0903253e-06      840.47342          0.011 
  190000     1005  1.3062904e-06  6.7059819e-06      833.31521          0.011 
  190001     1005  1.3060775e-06  6.7052212e-06      833.30087          0.011 
    Step    Atoms         KinEng            rke       heattran         Volume 
  190001     1005  1.3060775e-06  6.7052212e-06      840.47342          0.011 
  190501     1005  1.1979657e-06  6.3111313e-06      833.30555          0.011 
    Step    Atoms         KinEng            rke       heattran         Volume 
  190501     1005  1.1979657e-06  6.3111313e-06      840.47342          0.011 
  191000     1005  1.1196026e-06   5.871015e-06      833.32428          0.011 
  191001     1005  1.1194663e-06  5.8700962e-06      833.30996          0.011 
    Step    Atoms         KinEng            rke       heattran         Volume 
  191001     1005  1.1194663e-06  5.8700962e-06      840.47342          0.011 
  191501     1005  1.0442419e-06  5.4068828e-06      833.31409          0.011 
    Step    Atoms         KinEng            rke       heattran         Volume 
  191501     1005  1.0442419e-06  5.4068828e-06      840.47342          0.011 
  192000     1005  9.4650832e-07  4.9464308e-06      833.33228          0.011 
  192001     1005  9.4630365e-07  4.9455046e-06      833.31797          0.011 
    Step    Atoms         KinEng            rke       heattran         Volume 
  192001     1005  9.4630365e-07  4.9455046e-06      840.47342          0.011 
  192501     1005  8.4945367e-07  4.4760655e-06      833.32159          0.011 
    Step    Atoms         KinEng            rke       heattran         Volume 
  192501     1005  8.4945367e-07  4.4760655e-06      840.47342          0.011 
  193000     1005  7.6312999e-07  3.9991895e-06      833.33926          0.011 
  193001     1005  7.6295728e-07  3.9982365e-06      833.32497          0.011 
    Step    Atoms         KinEng            rke       heattran         Volume 
  193001     1005  7.6295728e-07  3.9982365e-06      840.47342          0.011 
  193501     1005  6.7315324e-07  3.5279656e-06       833.3281          0.011 
    Step    Atoms         KinEng            rke       heattran         Volume 
  193501     1005  6.7315324e-07  3.5279656e-06      840.47342          0.011 
  194000     1005  5.8123429e-07   3.072249e-06       833.3453          0.011 
  194001     1005  5.8105545e-07  3.0713484e-06      833.33101          0.011 
    Step    Atoms         KinEng            rke       heattran         Volume 
  194001     1005  5.8105545e-07  3.0713484e-06      840.47342          0.011 
  194501     1005  4.9589281e-07  2.6284352e-06       833.3337          0.011 
    Step    Atoms         KinEng            rke       heattran         Volume 
  194501     1005  4.9589281e-07  2.6284352e-06      840.47342          0.011 
  195000     1005  4.1628662e-07  2.2067535e-06      833.35045          0.011 
  195001     1005   4.161293e-07  2.2059346e-06      833.33617          0.011 
    Step    Atoms         KinEng            rke       heattran         Volume 
  195001     1005   4.161293e-07  2.2059346e-06      840.47342          0.011 
  195501     1005  3.3903444e-07  1.8112457e-06      833.33844          0.011 
    Step    Atoms         KinEng            rke       heattran         Volume 
  195501     1005  3.3903444e-07  1.8112457e-06      840.47342          0.011 
  196000     1005  2.6815445e-07  1.4482994e-06      833.35478          0.011 
  196001     1005  2.6802056e-07  1.4476051e-06      833.34052          0.011 
    Step    Atoms         KinEng            rke       heattran         Volume 
  196001     1005  2.6802056e-07  1.4476051e-06      840.47342          0.011 
  196501     1005  2.0510553e-07  1.1187323e-06      833.34241          0.011 
    Step    Atoms         KinEng            rke       heattran         Volume 
  196501     1005  2.0510553e-07  1.1187323e-06      840.47342          0.011 
  197000     1005  1.4951141e-07  8.3004805e-07      833.35838          0.011 
  197001     1005  1.4940714e-07  8.2951161e-07      833.34412          0.011 
    Step    Atoms         KinEng            rke       heattran         Volume 
  197001     1005  1.4940714e-07  8.2951161e-07      840.47342          0.011 
  197501     1005  1.0141129e-07  5.8325889e-07      833.34566          0.011 
    Step    Atoms         KinEng            rke       heattran         Volume 
  197501     1005  1.0141129e-07  5.8325889e-07      840.47342          0.011 
  198000     1005  6.2485745e-08     3.8276e-07       833.3613          0.011 
  198001     1005  6.2417039e-08  3.8240534e-07      833.34704          0.011 
    Step    Atoms         KinEng            rke       heattran         Volume 
  198001     1005  6.2417039e-08  3.8240534e-07      840.47342          0.011 
  198501     1005  2.9429869e-08  2.0656876e-07      833.34828          0.011 
    Step    Atoms         KinEng            rke       heattran         Volume 
  198501     1005  2.9429869e-08  2.0656876e-07      840.47342          0.011 
  199000     1005  4.6738338e-09  8.2819466e-08      833.36362          0.011 
  199001     1005   4.643013e-09  8.2682864e-08      833.34937          0.011 
    Step    Atoms         KinEng            rke       heattran         Volume 
  199001     1005   4.643013e-09  8.2682864e-08      840.47342          0.011 
  199501     1005  4.3655042e-09  7.8693838e-08      833.35033          0.011 
    Step    Atoms         KinEng            rke       heattran         Volume 
  199501     1005  4.3655042e-09  7.8693838e-08      840.47342          0.011 
  200000     1005  1.0308559e-08   1.261887e-07      833.36541          0.011 
  200001     1005  1.0317603e-08  1.2634073e-07      833.35117          0.011 
    Step    Atoms         KinEng            rke       heattran         Volume 
  200001     1005  1.0317603e-08  1.2634073e-07      840.47342          0.011 
  200501     1005  2.4668629e-08  2.2149392e-07      833.35189          0.011 
    Step    Atoms         KinEng            rke       heattran         Volume 
  200501     1005  2.4668629e-08  2.2149392e-07      840.47342          0.011 
  201000     1005  5.5224541e-08   3.663959e-07      833.36675          0.011 
  201001     1005   5.529778e-08  3.6673352e-07      833.35251          0.011 
    Step    Atoms         KinEng            rke       heattran         Volume 
  201001     1005   5.529778e-08  3.6673352e-07      840.47342          0.011 
  201501     1005  9.0447566e-08  5.6356731e-07      833.35303          0.011 
    Step    Atoms         KinEng            rke       heattran         Volume 
  201501     1005  9.0447566e-08  5.6356731e-07      840.47342          0.011 
  202000     1005  1.3061277e-07  8.0758943e-07      833.36771          0.011 
  202001     1005  1.3070779e-07  8.0811653e-07      833.35347          0.011 
    Step    Atoms         KinEng            rke       heattran         Volume 
  202001     1005  1.3070779e-07  8.0811653e-07      840.47342          0.011 
  202501     1005  1.8383813e-07  1.0911825e-06      833.35382          0.011 
    Step    Atoms         KinEng            rke       heattran         Volume 
  202501     1005  1.8383813e-07  1.0911825e-06      840.47342          0.011 
  203000     1005  2.4178145e-07  1.4148119e-06      833.36834          0.011 
  203001     1005  2.4190179e-07  1.4154996e-06       833.3541          0.011 
    Step    Atoms         KinEng            rke       heattran         Volume 
  203001     1005  2.4190179e-07  1.4154996e-06      840.47342          0.011 
  203501     1005   3.063269e-07  1.7755531e-06      833.35432          0.011 
    Step    Atoms         KinEng            rke       heattran         Volume 
  203501     1005   3.063269e-07  1.7755531e-06      840.47342          0.011 
  204000     1005  3.7775177e-07  2.1646611e-06      833.36872          0.011 
  204001     1005  3.7789813e-07  2.1654705e-06      833.35449          0.011 
    Step    Atoms         KinEng            rke       heattran         Volume 
  204001     1005  3.7789813e-07  2.1654705e-06      840.47342          0.011 
  204501     1005  4.5222318e-07  2.5835137e-06       833.3546          0.011 
    Step    Atoms         KinEng            rke       heattran         Volume 
  204501     1005  4.5222318e-07  2.5835137e-06      840.47342          0.011 
  205000     1005   5.311701e-07  3.0218487e-06      833.36891          0.011 
  205001     1005  5.3133416e-07  3.0227438e-06      833.35467          0.011 
    Step    Atoms         KinEng            rke       heattran         Volume 
  205001     1005  5.3133416e-07  3.0227438e-06      840.47342          0.011 
  205501     1005  6.1486668e-07  3.4774606e-06      833.35471          0.011 
    Step    Atoms         KinEng            rke       heattran         Volume 
  205501     1005  6.1486668e-07  3.4774606e-06      840.47342          0.011 
  206000     1005  6.9895225e-07  3.9431804e-06      833.36895          0.011 
  206001     1005  6.9912104e-07   3.944122e-06      833.35471          0.011 
    Step    Atoms         KinEng            rke       heattran         Volume 
  206001     1005  6.9912104e-07   3.944122e-06      840.47342          0.011 
  206501     1005  7.8402772e-07  4.4165232e-06      833.35469          0.011 
    Step    Atoms         KinEng            rke       heattran         Volume 
  206501     1005  7.8402772e-07  4.4165232e-06      840.47342          0.011 
  207000     1005  8.6977153e-07   4.887205e-06      833.36889          0.011 
  207001     1005  8.6994343e-07  4.8881441e-06      833.35465          0.011 
    Step    Atoms         KinEng            rke       heattran         Volume 
  207001     1005  8.6994343e-07  4.8881441e-06      840.47342          0.011 
  207501     1005  9.5503953e-07  5.3539068e-06       833.3546          0.011 
    Step    Atoms         KinEng            rke       heattran         Volume 
  207501     1005  9.5503953e-07  5.3539068e-06      840.47342          0.011 
  208000     1005  1.0373795e-06  5.8078252e-06      833.36877          0.011 
  208001     1005  1.0375416e-06  5.8087202e-06      833.35453          0.011 
    Step    Atoms         KinEng            rke       heattran         Volume 
  208001     1005  1.0375416e-06  5.8087202e-06      840.47342          0.011 
  208501     1005  1.1170204e-06  6.2467687e-06      833.35445          0.011 
    Step    Atoms         KinEng            rke       heattran         Volume 
  208501     1005  1.1170204e-06  6.2467687e-06      840.47342          0.011 
  209000     1005  1.1928792e-06  6.6616478e-06      833.36861          0.011 
  209001     1005   1.193027e-06  6.6624538e-06      833.35437          0.011 
    Step    Atoms         KinEng            rke       heattran         Volume 
  209001     1005   1.193027e-06  6.6624538e-06      840.47342          0.011 
  209501     1005  1.2641991e-06  7.0510836e-06       833.3543          0.011 
    Step    Atoms         KinEng            rke       heattran         Volume 
  209501     1005  1.2641991e-06  7.0510836e-06      840.47342          0.011 
  210000     1005  1.3292665e-06  7.4074993e-06      833.36846          0.011 
  210001     1005  1.3293906e-06   7.408179e-06      833.35422          0.011 
    Step    Atoms         KinEng            rke       heattran         Volume 
  210001     1005  1.3293906e-06   7.408179e-06      840.47342          0.011 
  210501     1005  1.3881395e-06  7.7292259e-06      833.35414          0.011 
    Step    Atoms         KinEng            rke       heattran         Volume 
  210501     1005  1.3881395e-06  7.7292259e-06      840.47342          0.011 
  211000     1005  1.4397728e-06  8.0097465e-06      833.36831          0.011 
  211001     1005  1.4398687e-06  8.0102664e-06      833.35407          0.011 
    Step    Atoms         KinEng            rke       heattran         Volume 
  211001     1005  1.4398687e-06  8.0102664e-06      840.47342          0.011 
  211501     1005  1.4837547e-06   8.248044e-06      833.35401          0.011 
    Step    Atoms         KinEng            rke       heattran         Volume 
  211501     1005  1.4837547e-06   8.248044e-06      840.47342          0.011 
  212000     1005  1.5190518e-06  8.4394757e-06      833.36819          0.011 
  212001     1005   1.519114e-06  8.4398115e-06      833.35395          0.011 
    Step    Atoms         KinEng            rke       heattran         Volume 
  212001     1005   1.519114e-06  8.4398115e-06      840.47342          0.011 
  212501     1005   1.545821e-06  8.5830574e-06      833.35389          0.011 
    Step    Atoms         KinEng            rke       heattran         Volume 
  212501     1005   1.545821e-06  8.5830574e-06      840.47342          0.011 
  213000     1005  1.5633486e-06  8.6760895e-06      833.36807          0.011 
  213001     1005  1.5633745e-06  8.6762249e-06      833.35383          0.011 
    Step    Atoms         KinEng            rke       heattran         Volume 
  213001     1005  1.5633745e-06  8.6762249e-06      840.47342          0.011 
  213501     1005  1.5716463e-06  8.7181245e-06      833.35378          0.011 
    Step    Atoms         KinEng            rke       heattran         Volume 
  213501     1005  1.5716463e-06  8.7181245e-06      840.47342          0.011 
  214000     1005  1.5704575e-06  8.7084532e-06      833.36797          0.011 
  214001     1005  1.5704458e-06  8.7083821e-06      833.35373          0.011 
    Step    Atoms         KinEng            rke       heattran         Volume 
  214001     1005  1.5704458e-06  8.7083821e-06      840.47342          0.011 
  214501     1005  1.5598396e-06  8.6470889e-06      833.35369          0.011 
    Step    Atoms         KinEng            rke       heattran         Volume 
  214501     1005  1.5598396e-06  8.6470889e-06      840.47342          0.011 
  215000     1005  1.5398805e-06  8.5354281e-06      833.36789          0.011 
  215001     1005  1.5398314e-06  8.5351544e-06      833.35365          0.011 
    Step    Atoms         KinEng            rke       heattran         Volume 
  215001     1005  1.5398314e-06  8.5351544e-06      840.47342          0.011 
  215501     1005  1.5108633e-06  8.3738393e-06      833.35361          0.011 
    Step    Atoms         KinEng            rke       heattran         Volume 
  215501     1005  1.5108633e-06  8.3738393e-06      840.47342          0.011 
  216000     1005  1.4732815e-06  8.1656776e-06      833.36781          0.011 
  216001     1005  1.4731976e-06  8.1652148e-06      833.35357          0.011 
    Step    Atoms         KinEng            rke       heattran         Volume 
  216001     1005  1.4731976e-06  8.1652148e-06      840.47342          0.011 
  216501     1005  1.4272133e-06  7.9119207e-06      833.35354          0.011 
    Step    Atoms         KinEng            rke       heattran         Volume 
  216501     1005  1.4272133e-06  7.9119207e-06      840.47342          0.011 
  217000     1005  1.4644077e-06  7.5541523e-06      833.36776          0.011 
  217001     1005  1.4645861e-06   7.553328e-06      833.35352          0.011 
    Step    Atoms         KinEng            rke       heattran         Volume 
  217001     1005  1.4645861e-06   7.553328e-06      840.47342          0.011 
  217501     1005  1.4634822e-06  7.1827055e-06      833.35349          0.011 
    Step    Atoms         KinEng            rke       heattran         Volume 
  217501     1005  1.4634822e-06  7.1827055e-06      840.47342          0.011 
  218000     1005  1.3074195e-06  6.8709071e-06      833.36771          0.011 
  218001     1005  1.3071092e-06  6.8702522e-06      833.35347          0.011 
    Step    Atoms         KinEng            rke       heattran         Volume 
  218001     1005  1.3071092e-06  6.8702522e-06      840.47342          0.011 
  218501     1005  1.2123482e-06   6.486105e-06      833.35346          0.011 
    Step    Atoms         KinEng            rke       heattran         Volume 
  218501     1005  1.2123482e-06   6.486105e-06      840.47342          0.011 
  219000     1005  1.1833038e-06  6.0309323e-06      833.36769          0.011 
  219001     1005  1.1832092e-06  6.0300235e-06      833.35345          0.011 
    Step    Atoms         KinEng            rke       heattran         Volume 
  219001     1005  1.1832092e-06  6.0300235e-06      840.47342          0.011 
  219501     1005  1.0946837e-06  5.5914767e-06      833.35344          0.011 
    Step    Atoms         KinEng            rke       heattran         Volume 
  219501     1005  1.0946837e-06  5.5914767e-06      840.47342          0.011 
  220000     1005  9.7459835e-07   5.157703e-06      833.36767          0.011 
  220001     1005  9.7438792e-07  5.1568023e-06      833.35343          0.011 
    Step    Atoms         KinEng            rke       heattran         Volume 
  220001     1005  9.7438792e-07  5.1568023e-06      840.47342          0.011 
  220501     1005  8.9011495e-07  4.6886064e-06      833.35343          0.011 
    Step    Atoms         KinEng            rke       heattran         Volume 
  220501     1005  8.9011495e-07  4.6886064e-06      840.47342          0.011 
  221000     1005   8.145496e-07  4.2126158e-06      833.36767          0.011 
  221001     1005  8.1437385e-07  4.2116785e-06      833.35343          0.011 
    Step    Atoms         KinEng            rke       heattran         Volume 
  221001     1005  8.1437385e-07  4.2116785e-06      840.47342          0.011 
  221501     1005  7.1521316e-07  3.7527257e-06      833.35342          0.011 
    Step    Atoms         KinEng            rke       heattran         Volume 
  221501     1005  7.1521316e-07  3.7527257e-06      840.47342          0.011 
  222000     1005  6.1757114e-07  3.3029218e-06      833.36766          0.011 
  222001     1005  6.1739405e-07  3.3020213e-06      833.35342          0.011 
    Step    Atoms         KinEng            rke       heattran         Volume 
  222001     1005  6.1739405e-07  3.3020213e-06      840.47342          0.011 
  222501     1005  5.3572206e-07  2.8560901e-06      833.35342          0.011 
    Step    Atoms         KinEng            rke       heattran         Volume 
  222501     1005  5.3572206e-07  2.8560901e-06      840.47342          0.011 
  223000     1005  4.5514062e-07  2.4318996e-06      833.36766          0.011 
  223001     1005  4.5497351e-07  2.4310783e-06      833.35342          0.011 
    Step    Atoms         KinEng            rke       heattran         Volume 
  223001     1005  4.5497351e-07  2.4310783e-06      840.47342          0.011 
  223501     1005  3.7203927e-07  2.0345477e-06      833.35342          0.011 
    Step    Atoms         KinEng            rke       heattran         Volume 
  223501     1005  3.7203927e-07  2.0345477e-06      840.47342          0.011 
  224000     1005  2.9803805e-07  1.6654312e-06      833.36766          0.011 
  224001     1005    2.97901e-07  1.6647198e-06      833.35342          0.011 
    Step    Atoms         KinEng            rke       heattran         Volume 
  224001     1005    2.97901e-07  1.6647198e-06      840.47342          0.011 
  224501     1005  2.3313842e-07   1.326249e-06      833.35342          0.011 
    Step    Atoms         KinEng            rke       heattran         Volume 
  224501     1005  2.3313842e-07   1.326249e-06      840.47342          0.011 
  225000     1005   1.735227e-07  1.0270621e-06      833.36766          0.011 
  225001     1005  1.7340887e-07  1.0265034e-06      833.35342          0.011 
    Step    Atoms         KinEng            rke       heattran         Volume 
  225001     1005  1.7340887e-07  1.0265034e-06      840.47342          0.011 
  225501     1005  1.2086599e-07  7.6804044e-07      833.35341          0.011 
    Step    Atoms         KinEng            rke       heattran         Volume 
  225501     1005  1.2086599e-07  7.6804044e-07      840.47342          0.011 
  226000     1005  7.8299142e-08  5.5292301e-07      833.36765          0.011 
  226001     1005  7.8223404e-08  5.5253704e-07      833.35341          0.011 
    Step    Atoms         KinEng            rke       heattran         Volume 
  226001     1005  7.8223404e-08  5.5253704e-07      840.47342          0.011 
  226501     1005  4.4763226e-08   3.833439e-07       833.3534          0.011 
    Step    Atoms         KinEng            rke       heattran         Volume 
  226501     1005  4.4763226e-08   3.833439e-07      840.47342          0.011 
  227000     1005  2.0343776e-08  2.6298449e-07      833.36763          0.011 
  227001     1005  2.0304533e-08   2.627926e-07      833.35339          0.011 
    Step    Atoms         KinEng            rke       heattran         Volume 
  227001     1005  2.0304533e-08   2.627926e-07      840.47342          0.011 
  227501     1005  5.7830921e-09  1.9185235e-07      833.35339          0.011 
    Step    Atoms         KinEng            rke       heattran         Volume 
  227501     1005  5.7830921e-09  1.9185235e-07      840.47342          0.011 
  228000     1005  1.3215466e-09  1.7134958e-07      833.36762          0.011 
  228001     1005  1.3225184e-09  1.7135931e-07      833.35338          0.011 
    Step    Atoms         KinEng            rke       heattran         Volume 
  228001     1005  1.3225184e-09  1.7135931e-07      840.47342          0.011 
  228501     1005  6.6242102e-09  2.0175553e-07      833.35337          0.011 
    Step    Atoms         KinEng            rke       heattran         Volume 
  228501     1005  6.6242102e-09  2.0175553e-07      840.47342          0.011 
  229000     1005  2.1009129e-08  2.8285835e-07       833.3676          0.011 
  229001     1005  2.1047273e-08  2.8307105e-07      833.35336          0.011 
    Step    Atoms         KinEng            rke       heattran         Volume 
  229001     1005  2.1047273e-08  2.8307105e-07      840.47342          0.011 
  229501     1005  4.4877913e-08   4.139602e-07      833.35335          0.011 
    Step    Atoms         KinEng            rke       heattran         Volume 
  229501     1005  4.4877913e-08   4.139602e-07      840.47342          0.011 
  230000     1005  7.7566089e-08  5.9262115e-07      833.36759          0.011 
  230001     1005   7.763992e-08   5.930264e-07      833.35335          0.011 
    Step    Atoms         KinEng            rke       heattran         Volume 
  230001     1005   7.763992e-08   5.930264e-07      840.47342          0.011 
  230501     1005   1.186611e-07  8.1835522e-07      833.35334          0.011 
    Step    Atoms         KinEng            rke       heattran         Volume 
  230501     1005   1.186611e-07  8.1835522e-07      840.47342          0.011 
  231000     1005  1.6777534e-07    1.08638e-06      833.36757          0.011 
  231001     1005  1.6788159e-07  1.0869585e-06      833.35333          0.011 
    Step    Atoms         KinEng            rke       heattran         Volume 
  231001     1005  1.6788159e-07  1.0869585e-06      840.47342          0.011 
  231501     1005  2.2451215e-07  1.3958357e-06      833.35332          0.011 
    Step    Atoms         KinEng            rke       heattran         Volume 
  231501     1005  2.2451215e-07  1.3958357e-06      840.47342          0.011 
  232000     1005  2.8766064e-07  1.7406878e-06      833.36755          0.011 
  232001     1005  2.8779358e-07  1.7414129e-06      833.35331          0.011 
    Step    Atoms         KinEng            rke       heattran         Volume 
  232001     1005  2.8779358e-07  1.7414129e-06      840.47342          0.011 
  232501     1005  3.5714112e-07  2.1194844e-06      833.35329          0.011 
    Step    Atoms         KinEng            rke       heattran         Volume 
  232501     1005  3.5714112e-07  2.1194844e-06      840.47342          0.011 
  233000     1005  4.3149097e-07  2.5248196e-06      833.36752          0.011 
  233001     1005  4.3164456e-07   2.525657e-06      833.35328          0.011 
    Step    Atoms         KinEng            rke       heattran         Volume 
  233001     1005  4.3164456e-07   2.525657e-06      840.47342          0.011 
  233501     1005  5.1038045e-07  2.9551575e-06      833.35327          0.011 
    Step    Atoms         KinEng            rke       heattran         Volume 
  233501     1005  5.1038045e-07  2.9551575e-06      840.47342          0.011 
  234000     1005  5.9231104e-07  3.4019463e-06       833.3675          0.011 
  234001     1005  5.9247802e-07  3.4028565e-06      833.35326          0.011 
    Step    Atoms         KinEng            rke       heattran         Volume 
  234001     1005  5.9247802e-07  3.4028565e-06      840.47342          0.011 
  234501     1005  6.7692125e-07  3.8634682e-06      833.35325          0.011 
    Step    Atoms         KinEng            rke       heattran         Volume 
  234501     1005  6.7692125e-07  3.8634682e-06      840.47342          0.011 
  235000     1005  7.6251015e-07  4.3305962e-06      833.36748          0.011 
  235001     1005  7.6268241e-07  4.3315362e-06      833.35324          0.011 
    Step    Atoms         KinEng            rke       heattran         Volume 
  235001     1005  7.6268241e-07  4.3315362e-06      840.47342          0.011 
  235501     1005  8.4874386e-07  4.8014799e-06      833.35322          0.011 
    Step    Atoms         KinEng            rke       heattran         Volume 
  235501     1005  8.4874386e-07  4.8014799e-06      840.47342          0.011 
  236000     1005  9.3391787e-07  5.2667618e-06      833.36745          0.011 
  236001     1005  9.3408724e-07  5.2676869e-06      833.35321          0.011 
    Step    Atoms         KinEng            rke       heattran         Volume 
  236001     1005  9.3408724e-07  5.2676869e-06      840.47342          0.011 
  236501     1005  1.0176613e-06  5.7245958e-06       833.3532          0.011 
    Step    Atoms         KinEng            rke       heattran         Volume 
  236501     1005  1.0176613e-06  5.7245958e-06      840.47342          0.011 
  237000     1005  1.0982989e-06  6.1658717e-06      833.36743          0.011 
  237001     1005  1.0984571e-06  6.1667378e-06      833.35319          0.011 
    Step    Atoms         KinEng            rke       heattran         Volume 
  237001     1005  1.0984571e-06  6.1667378e-06      840.47342          0.011 
  237501     1005  1.1755079e-06  6.5887967e-06      833.35318          0.011 
    Step    Atoms         KinEng            rke       heattran         Volume 
  237501     1005  1.1755079e-06  6.5887967e-06      840.47342          0.011 
  238000     1005  1.2477492e-06   6.984929e-06       833.3674          0.011 
  238001     1005  1.2478888e-06  6.9856946e-06      833.35316          0.011 
    Step    Atoms         KinEng            rke       heattran         Volume 
  238001     1005  1.2478888e-06  6.9856946e-06      840.47342          0.011 
  238501     1005  1.3147059e-06  7.3526566e-06      833.35315          0.011 
    Step    Atoms         KinEng            rke       heattran         Volume 
  238501     1005  1.3147059e-06  7.3526566e-06      840.47342          0.011 
  239000     1005   1.375046e-06  7.6846211e-06      833.36738          0.011 
  239001     1005  1.3751601e-06  7.6852493e-06      833.35314          0.011 
    Step    Atoms         KinEng            rke       heattran         Volume 
  239001     1005  1.3751601e-06  7.6852493e-06      840.47342          0.011 
  239501     1005  1.4285194e-06  7.9794504e-06      833.35312          0.011 
    Step    Atoms         KinEng            rke       heattran         Volume 
  239501     1005  1.4285194e-06  7.9794504e-06      840.47342          0.011 
  240000     1005  1.4740586e-06  8.2312399e-06      833.36735          0.011 
  240001     1005  1.4741418e-06  8.2317006e-06      833.35311          0.011 
    Step    Atoms         KinEng            rke       heattran         Volume 
  240001     1005  1.4741418e-06  8.2317006e-06      840.47342          0.011 
  240501     1005  1.5116521e-06   8.438831e-06       833.3531          0.011 
    Step    Atoms         KinEng            rke       heattran         Volume 
  240501     1005  1.5116521e-06   8.438831e-06      840.47342          0.011 
  241000     1005  1.5401402e-06  8.5983219e-06      833.36733          0.011 
  241001     1005  1.5401879e-06   8.598593e-06      833.35309          0.011 
    Step    Atoms         KinEng            rke       heattran         Volume 
  241001     1005  1.5401879e-06   8.598593e-06      840.47342          0.011 
  241501     1005  1.5596153e-06  8.7089227e-06      833.35308          0.011 
    Step    Atoms         KinEng            rke       heattran         Volume 
  241501     1005  1.5596153e-06  8.7089227e-06      840.47342          0.011 
  242000     1005   1.569866e-06  8.7682858e-06       833.3673          0.011 
  242001     1005   1.569877e-06  8.7683536e-06      833.35306          0.011 
    Step    Atoms         KinEng            rke       heattran         Volume 
  242001     1005   1.569877e-06  8.7683536e-06      840.47342          0.011 
  242501     1005  1.5706256e-06  8.7763586e-06      833.35305          0.011 
    Step    Atoms         KinEng            rke       heattran         Volume 
  242501     1005  1.5706256e-06  8.7763586e-06      840.47342          0.011 
  243000     1005  1.5620106e-06  8.7328855e-06      833.36728          0.011 
  243001     1005  1.5619839e-06  8.7327471e-06      833.35304          0.011 
    Step    Atoms         KinEng            rke       heattran         Volume 
  243001     1005  1.5619839e-06  8.7327471e-06      840.47342          0.011 
  243501     1005  1.5439807e-06  8.6381265e-06      833.35303          0.011 
    Step    Atoms         KinEng            rke       heattran         Volume 
  243501     1005  1.5439807e-06  8.6381265e-06      840.47342          0.011 
  244000     1005  1.5169556e-06  8.4939718e-06      833.36726          0.011 
  244001     1005  1.5168926e-06   8.493634e-06      833.35302          0.011 
    Step    Atoms         KinEng            rke       heattran         Volume 
  244001     1005  1.5168926e-06   8.493634e-06      840.47342          0.011 
  244501     1005  1.5563874e-06  8.2469398e-06      833.35301          0.011 
    Step    Atoms         KinEng            rke       heattran         Volume 
  244501     1005  1.5563874e-06  8.2469398e-06      840.47342          0.011 
  245000     1005  1.5745594e-06  7.9679129e-06      833.36724          0.011 
  245001     1005  1.5743909e-06  7.9674352e-06        833.353          0.011 
    Step    Atoms         KinEng            rke       heattran         Volume 
  245001     1005  1.5743909e-06  7.9674352e-06      840.47342          0.011 
  245501     1005  1.4442883e-06  7.7349557e-06      833.35299          0.011 
    Step    Atoms         KinEng            rke       heattran         Volume 
  245501     1005  1.4442883e-06  7.7349557e-06      840.47342          0.011 
  246000     1005  1.3677661e-06    7.42449e-06      833.36722          0.011 
  246001     1005  1.3677113e-06  7.4237556e-06      833.35298          0.011 
    Step    Atoms         KinEng            rke       heattran         Volume 
  246001     1005  1.3677113e-06  7.4237556e-06      840.47342          0.011 
  246501     1005  1.3445835e-06   7.035423e-06      833.35297          0.011 
    Step    Atoms         KinEng            rke       heattran         Volume 
  246501     1005  1.3445835e-06   7.035423e-06      840.47342          0.011 
  247000     1005  1.2630597e-06  6.6524108e-06       833.3672          0.011 
  247001     1005  1.2628407e-06  6.6516478e-06      833.35296          0.011 
    Step    Atoms         KinEng            rke       heattran         Volume 
  247001     1005  1.2628407e-06  6.6516478e-06      840.47342          0.011 
  247501     1005  1.1575129e-06  6.2536857e-06      833.35295          0.011 
    Step    Atoms         KinEng            rke       heattran         Volume 
  247501     1005  1.1575129e-06  6.2536857e-06      840.47342          0.011 
  248000     1005   1.082827e-06  5.8115678e-06      833.36719          0.011 
  248001     1005  1.0826914e-06   5.810652e-06      833.35295          0.011 
    Step    Atoms         KinEng            rke       heattran         Volume 
  248001     1005  1.0826914e-06   5.810652e-06      840.47342          0.011 
  248501     1005  1.0055478e-06  5.3512536e-06      833.35294          0.011 
    Step    Atoms         KinEng            rke       heattran         Volume 
  248501     1005  1.0055478e-06  5.3512536e-06      840.47342          0.011 
  249000     1005  9.0742694e-07   4.894978e-06      833.36717          0.011 
  249001     1005  9.0722597e-07  4.8940586e-06      833.35293          0.011 
    Step    Atoms         KinEng            rke       heattran         Volume 
  249001     1005  9.0722597e-07  4.8940586e-06      840.47342          0.011 
  249501     1005  8.1304012e-07   4.428435e-06      833.35293          0.011 
    Step    Atoms         KinEng            rke       heattran         Volume 
  249501     1005  8.1304012e-07   4.428435e-06      840.47342          0.011 
  250000     1005  7.2825614e-07  3.9582463e-06      833.36716          0.011 
  250001     1005  7.2808491e-07  3.9573099e-06      833.35292          0.011 
    Step    Atoms         KinEng            rke       heattran         Volume 
  250001     1005  7.2808491e-07  3.9573099e-06      840.47342          0.011 
  250501     1005  6.3922061e-07   3.496039e-06      833.35291          0.011 
    Step    Atoms         KinEng            rke       heattran         Volume 
  250501     1005  6.3922061e-07   3.496039e-06      840.47342          0.011 
  251000     1005  5.4959315e-07  3.0497141e-06      833.36715          0.011 
  251001     1005  5.4941975e-07  3.0488328e-06      833.35291          0.011 
    Step    Atoms         KinEng            rke       heattran         Volume 
  251001     1005  5.4941975e-07  3.0488328e-06      840.47342          0.011 
  251501     1005  4.6678372e-07  2.6162713e-06       833.3529          0.011 
    Step    Atoms         KinEng            rke       heattran         Volume 
  251501     1005  4.6678372e-07  2.6162713e-06      840.47342          0.011 
  252000     1005  3.8926742e-07  2.2065067e-06      833.36714          0.011 
  252001     1005   3.891145e-07  2.2057129e-06       833.3529          0.011 
    Step    Atoms         KinEng            rke       heattran         Volume 
  252001     1005   3.891145e-07  2.2057129e-06      840.47342          0.011 
  252501     1005   3.146191e-07  1.8238966e-06       833.3529          0.011 
    Step    Atoms         KinEng            rke       heattran         Volume 
  252501     1005   3.146191e-07  1.8238966e-06      840.47342          0.011 
  253000     1005  2.4682594e-07   1.474308e-06      833.36713          0.011 
  253001     1005  2.4669815e-07   1.473641e-06      833.35289          0.011 
    Step    Atoms         KinEng            rke       heattran         Volume 
  253001     1005  2.4669815e-07   1.473641e-06      840.47342          0.011 
  253501     1005  1.8666924e-07  1.1587215e-06      833.35289          0.011 
    Step    Atoms         KinEng            rke       heattran         Volume 
  253501     1005  1.8666924e-07  1.1587215e-06      840.47342          0.011 
  254000     1005  1.3390026e-07  8.8434683e-07      833.36713          0.011 
  254001     1005  1.3380192e-07  8.8383927e-07      833.35289          0.011 
    Step    Atoms         KinEng            rke       heattran         Volume 
  254001     1005  1.3380192e-07  8.8383927e-07      840.47342          0.011 
  254501     1005  8.8924819e-08  6.5207577e-07      833.35288          0.011 
    Step    Atoms         KinEng            rke       heattran         Volume 
  254501     1005  8.8924819e-08  6.5207577e-07      840.47342          0.011 
  255000     1005  5.3211101e-08  4.6606148e-07      833.36712          0.011 
  255001     1005  5.3148728e-08  4.6573573e-07      833.35288          0.011 
    Step    Atoms         KinEng            rke       heattran         Volume 
  255001     1005  5.3148728e-08  4.6573573e-07      840.47342          0.011 
  255501     1005  2.6572254e-08  3.2718956e-07      833.35288          0.011 
    Step    Atoms         KinEng            rke       heattran         Volume 
  255501     1005  2.6572254e-08  3.2718956e-07      840.47342          0.011 
  256000     1005  9.3867046e-09  2.3825122e-07      833.36712          0.011 
  256001     1005  9.3618969e-09  2.3812313e-07      833.35288          0.011 
    Step    Atoms         KinEng            rke       heattran         Volume 
  256001     1005  9.3618969e-09  2.3812313e-07      840.47342          0.011 
  256501     1005  1.8696493e-09  1.9942983e-07      833.35287          0.011 
    Step    Atoms         KinEng            rke       heattran         Volume 
  256501     1005  1.8696493e-09  1.9942983e-07      840.47342          0.011 
  257000     1005    4.07997e-09  2.1149325e-07      833.36711          0.011 
  257001     1005  4.0937448e-09  2.1156852e-07      833.35287          0.011 
    Step    Atoms         KinEng            rke       heattran         Volume 
  257001     1005  4.0937448e-09  2.1156852e-07      840.47342          0.011 
  257501     1005  1.5442781e-08  2.7475811e-07      833.35287          0.011 
    Step    Atoms         KinEng            rke       heattran         Volume 
  257501     1005  1.5442781e-08  2.7475811e-07      840.47342          0.011 
  258000     1005  3.5961104e-08  3.8772889e-07      833.36711          0.011 
  258001     1005  3.6011507e-08  3.8800442e-07      833.35287          0.011 
    Step    Atoms         KinEng            rke       heattran         Volume 
  258001     1005  3.6011507e-08  3.8800442e-07      840.47342          0.011 
  258501     1005  6.5560952e-08  5.4992909e-07      833.35287          0.011 
    Step    Atoms         KinEng            rke       heattran         Volume 
  258501     1005  6.5560952e-08  5.4992909e-07      840.47342          0.011 
  259000     1005  1.0333269e-07  7.5836694e-07      833.36711          0.011 
  259001     1005  1.0341666e-07  7.5882995e-07      833.35287          0.011 
    Step    Atoms         KinEng            rke       heattran         Volume 
  259001     1005  1.0341666e-07  7.5882995e-07      840.47342          0.011 
  259501     1005  1.4945334e-07  1.0119568e-06      833.35287          0.011 
    Step    Atoms         KinEng            rke       heattran         Volume 
  259501     1005  1.4945334e-07  1.0119568e-06      840.47342          0.011 
  260000     1005  2.0297712e-07  1.3056837e-06      833.36712          0.011 
  260001     1005  2.0309143e-07  1.3063115e-06      833.35288          0.011 
    Step    Atoms         KinEng            rke       heattran         Volume 
  260001     1005  2.0309143e-07  1.3063115e-06      840.47342          0.011 
  260501     1005  2.6350595e-07  1.6385381e-06      833.35288          0.011 
    Step    Atoms         KinEng            rke       heattran         Volume 
  260501     1005  2.6350595e-07  1.6385381e-06      840.47342          0.011 
  261000     1005  3.3002169e-07  2.0037782e-06      833.36712          0.011 
  261001     1005  3.3016084e-07  2.0045411e-06      833.35288          0.011 
    Step    Atoms         KinEng            rke       heattran         Volume 
  261001     1005  3.3016084e-07  2.0045411e-06      840.47342          0.011 
  261501     1005  4.0226792e-07  2.3999636e-06      833.35288          0.011 
    Step    Atoms         KinEng            rke       heattran         Volume 
  261501     1005  4.0226792e-07  2.3999636e-06      840.47342          0.011 
  262000     1005  4.7872072e-07  2.8192985e-06      833.36713          0.011 
  262001     1005  4.7887798e-07  2.8201604e-06      833.35288          0.011 
    Step    Atoms         KinEng            rke       heattran         Volume 
  262001     1005  4.7887798e-07  2.8201604e-06      840.47342          0.011 
  262501     1005  5.5915341e-07  3.2600683e-06      833.35289          0.011 
    Step    Atoms         KinEng            rke       heattran         Volume 
  262501     1005  5.5915341e-07  3.2600683e-06      840.47342          0.011 
  263000     1005  6.4198564e-07  3.7134996e-06      833.36713          0.011 
  263001     1005  6.4215379e-07  3.7144193e-06      833.35289          0.011 
    Step    Atoms         KinEng            rke       heattran         Volume 
  263001     1005  6.4215379e-07  3.7144193e-06      840.47342          0.011 
  263501     1005  7.2687208e-07  4.1777938e-06      833.35289          0.011 
    Step    Atoms         KinEng            rke       heattran         Volume 
  263501     1005  7.2687208e-07  4.1777938e-06      840.47342          0.011 
  264000     1005   8.121282e-07  4.6436975e-06      833.36714          0.011 
  264001     1005   8.122992e-07   4.644631e-06       833.3529          0.011 
    Step    Atoms         KinEng            rke       heattran         Volume 
  264001     1005   8.122992e-07   4.644631e-06      840.47342          0.011 
  264501     1005   8.974356e-07  5.1093138e-06       833.3529          0.011 
    Step    Atoms         KinEng            rke       heattran         Volume 
  264501     1005   8.974356e-07  5.1093138e-06      840.47342          0.011 
  265000     1005  9.8109393e-07  5.5653463e-06      833.36715          0.011 
  265001     1005   9.812597e-07  5.5662489e-06      833.35291          0.011 
    Step    Atoms         KinEng            rke       heattran         Volume 
  265001     1005   9.812597e-07  5.5662489e-06      840.47342          0.011 
  265501     1005   1.062768e-06  6.0099293e-06      833.35291          0.011 
    Step    Atoms         KinEng            rke       heattran         Volume 
  265501     1005   1.062768e-06  6.0099293e-06      840.47342          0.011 
  266000     1005  1.1408248e-06  6.4341654e-06      833.36716          0.011 
  266001     1005  1.1409774e-06  6.4349936e-06      833.35292          0.011 
    Step    Atoms         KinEng            rke       heattran         Volume 
  266001     1005  1.1409774e-06  6.4349936e-06      840.47342          0.011 
  266501     1005  1.2149574e-06  6.8362934e-06      833.35292          0.011 
    Step    Atoms         KinEng            rke       heattran         Volume 
  266501     1005  1.2149574e-06  6.8362934e-06      840.47342          0.011 
  267000     1005  1.2836758e-06  7.2082532e-06      833.36717          0.011 
  267001     1005  1.2838079e-06   7.208967e-06      833.35293          0.011 
    Step    Atoms         KinEng            rke       heattran         Volume 
  267001     1005  1.2838079e-06   7.208967e-06      840.47342          0.011 
  267501     1005  1.3467006e-06  7.5484891e-06      833.35293          0.011 
    Step    Atoms         KinEng            rke       heattran         Volume 
  267501     1005  1.3467006e-06  7.5484891e-06      840.47342          0.011 
  268000     1005  1.4027626e-06  7.8501671e-06      833.36718          0.011 
  268001     1005  1.4028678e-06   7.850732e-06      833.35294          0.011 
    Step    Atoms         KinEng            rke       heattran         Volume 
  268001     1005  1.4028678e-06   7.850732e-06      840.47342          0.011 
  268501     1005  1.4516314e-06  8.1120173e-06      833.35294          0.011 
    Step    Atoms         KinEng            rke       heattran         Volume 
  268501     1005  1.4516314e-06  8.1120173e-06      840.47342          0.011 
  269000     1005   1.492291e-06  8.3287899e-06      833.36719          0.011 
  269001     1005   1.492364e-06  8.3291786e-06      833.35295          0.011 
    Step    Atoms         KinEng            rke       heattran         Volume 
  269001     1005   1.492364e-06  8.3291786e-06      840.47342          0.011 
  269501     1005  1.5246431e-06  8.4995335e-06      833.35296          0.011 
    Step    Atoms         KinEng            rke       heattran         Volume 
  269501     1005  1.5246431e-06  8.4995335e-06      840.47342          0.011 
  270000     1005  1.5479501e-06  8.6208608e-06       833.3672          0.011 
  270001     1005  1.5479877e-06  8.6210541e-06      833.35296          0.011 
    Step    Atoms         KinEng            rke       heattran         Volume 
  270001     1005  1.5479877e-06  8.6210541e-06      840.47342          0.011 
  270501     1005    1.56216e-06  8.6922273e-06      833.35297          0.011 
    Step    Atoms         KinEng            rke       heattran         Volume 
  270501     1005    1.56216e-06  8.6922273e-06      840.47342          0.011 
  271000     1005  1.5669952e-06   8.712205e-06      833.36721          0.011 
  271001     1005  1.5669955e-06  8.7121936e-06      833.35297          0.011 
    Step    Atoms         KinEng            rke       heattran         Volume 
  271001     1005  1.5669955e-06  8.7121936e-06      840.47342          0.011 
  271501     1005  1.5624622e-06  8.6806781e-06      833.35298          0.011 
    Step    Atoms         KinEng            rke       heattran         Volume 
  271501     1005  1.5624622e-06  8.6806781e-06      840.47342          0.011 
  272000     1005  1.5484847e-06  8.5983917e-06      833.36722          0.011 
  272001     1005  1.5484473e-06  8.5981764e-06      833.35298          0.011 
    Step    Atoms         KinEng            rke       heattran         Volume 
  272001     1005  1.5484473e-06  8.5981764e-06      840.47342          0.011 
  272501     1005  1.5252201e-06  8.4656529e-06      833.35299          0.011 
    Step    Atoms         KinEng            rke       heattran         Volume 
  272501     1005  1.5252201e-06  8.4656529e-06      840.47342          0.011 
  273000     1005  1.4932552e-06  8.2850506e-06      833.36723          0.011 
  273001     1005  1.4931825e-06  8.2846416e-06      833.35299          0.011 
    Step    Atoms         KinEng            rke       heattran         Volume 
  273001     1005  1.4931825e-06  8.2846416e-06      840.47342          0.011 
  273501     1005  1.4525587e-06  8.0574621e-06        833.353          0.011 
    Step    Atoms         KinEng            rke       heattran         Volume 
  273501     1005  1.4525587e-06  8.0574621e-06      840.47342          0.011 
  274000     1005  1.4056181e-06  7.7868832e-06      833.36724          0.011 
  274001     1005  1.4055924e-06  7.7862532e-06        833.353          0.011 
    Step    Atoms         KinEng            rke       heattran         Volume 
  274001     1005  1.4055924e-06  7.7862532e-06      840.47342          0.011 
  274501     1005  1.4741947e-06  7.3896648e-06      833.35301          0.011 
    Step    Atoms         KinEng            rke       heattran         Volume 
  274501     1005  1.4741947e-06  7.3896648e-06      840.47342          0.011 
  275000     1005  1.4156405e-06  7.0398518e-06      833.36725          0.011 
  275001     1005  1.4153383e-06  7.0392235e-06      833.35301          0.011 
    Step    Atoms         KinEng            rke       heattran         Volume 
  275001     1005  1.4153383e-06  7.0392235e-06      840.47342          0.011 
  275501     1005  1.2570577e-06  6.7156699e-06      833.35301          0.011 
    Step    Atoms         KinEng            rke       heattran         Volume 
  275501     1005  1.2570577e-06  6.7156699e-06      840.47342          0.011 
  276000     1005  1.1933364e-06  6.2992137e-06      833.36726          0.011 
  276001     1005  1.1932883e-06  6.2982972e-06      833.35302          0.011 
    Step    Atoms         KinEng            rke       heattran         Volume 
  276001     1005  1.1932883e-06  6.2982972e-06      840.47342          0.011 
  276501     1005  1.1552081e-06   5.839406e-06      833.35302          0.011 
    Step    Atoms         KinEng            rke       heattran         Volume 
  276501     1005  1.1552081e-06   5.839406e-06      840.47342          0.011 
  277000     1005  1.0485803e-06  5.4058233e-06      833.36727          0.011 
  277001     1005  1.0483286e-06  5.4049623e-06      833.35303          0.011 
    Step    Atoms         KinEng            rke       heattran         Volume 
  277001     1005  1.0483286e-06  5.4049623e-06      840.47342          0.011 
  277501     1005  9.3580809e-07  4.9603705e-06      833.35303          0.011 
    Step    Atoms         KinEng            rke       heattran         Volume 
  277501     1005  9.3580809e-07  4.9603705e-06      840.47342          0.011 
  278000     1005   8.598192e-07  4.4851028e-06      833.36728          0.011 
  278001     1005  8.5967812e-07  4.4841402e-06      833.35303          0.011 
    Step    Atoms         KinEng            rke       heattran         Volume 
  278001     1005  8.5967812e-07  4.4841402e-06      840.47342          0.011 
  278501     1005  7.7789738e-07  4.0108744e-06      833.35304          0.011 
    Step    Atoms         KinEng            rke       heattran         Volume 
  278501     1005  7.7789738e-07  4.0108744e-06      840.47342          0.011 
  279000     1005  6.7616305e-07  3.5565174e-06      833.36728          0.011 
  279001     1005  6.7596015e-07  3.5556154e-06      833.35304          0.011 
    Step    Atoms         KinEng            rke       heattran         Volume 
  279001     1005  6.7596015e-07  3.5556154e-06      840.47342          0.011 
  279501     1005  5.8364091e-07  3.1054572e-06      833.35305          0.011 
    Step    Atoms         KinEng            rke       heattran         Volume 
  279501     1005  5.8364091e-07  3.1054572e-06      840.47342          0.011 
  280000     1005  5.0463117e-07  2.6650865e-06      833.36729          0.011 
  280001     1005  5.0447349e-07  2.6642251e-06      833.35305          0.011 
    Step    Atoms         KinEng            rke       heattran         Volume 
  280001     1005  5.0447349e-07  2.6642251e-06      840.47342          0.011 
  280501     1005  4.2290025e-07  2.2480461e-06      833.35306          0.011 
    Step    Atoms         KinEng            rke       heattran         Volume 
  280501     1005  4.2290025e-07  2.2480461e-06      840.47342          0.011 
  281000     1005  3.4240078e-07  1.8609373e-06       833.3673          0.011 
  281001     1005  3.4224869e-07  1.8601878e-06      833.35306          0.011 
    Step    Atoms         KinEng            rke       heattran         Volume 
  281001     1005  3.4224869e-07  1.8601878e-06      840.47342          0.011 
  281501     1005  2.7197747e-07  1.4997013e-06      833.35306          0.011 
    Step    Atoms         KinEng            rke       heattran         Volume 
  281501     1005  2.7197747e-07  1.4997013e-06      840.47342          0.011 
  282000     1005  2.0973551e-07  1.1736932e-06      833.36731          0.011 
  282001     1005  2.0961539e-07  1.1730787e-06      833.35307          0.011 
    Step    Atoms         KinEng            rke       heattran         Volume 
  282001     1005  2.0961539e-07  1.1730787e-06      840.47342          0.011 
  282501     1005  1.5232769e-07  8.8646074e-07      833.35307          0.011 
    Step    Atoms         KinEng            rke       heattran         Volume 
  282501     1005  1.5232769e-07  8.8646074e-07      840.47342          0.011 
  283000     1005  1.0344633e-07  6.4194004e-07      833.36732          0.011 
  283001     1005  1.0335847e-07  6.4149266e-07      833.35308          0.011 
    Step    Atoms         KinEng            rke       heattran         Volume 
  283001     1005  1.0335847e-07  6.4149266e-07      840.47342          0.011 
  283501     1005  6.4302787e-08  4.4036444e-07      833.35308          0.011 
    Step    Atoms         KinEng            rke       heattran         Volume 
  283501     1005  6.4302787e-08  4.4036444e-07      840.47342          0.011 
  284000     1005  3.4245477e-08  2.8660389e-07      833.36733          0.011 
  284001     1005   3.419412e-08  2.8634427e-07      833.35309          0.011 
    Step    Atoms         KinEng            rke       heattran         Volume 
  284001     1005   3.419412e-08  2.8634427e-07      840.47342          0.011 
  284501     1005  1.3360648e-08   1.811864e-07      833.35309          0.011 
    Step    Atoms         KinEng            rke       heattran         Volume 
  284501     1005  1.3360648e-08   1.811864e-07      840.47342          0.011 
  285000     1005   2.590364e-09  1.2577821e-07      833.36734          0.011 
  285001     1005  2.5788248e-09  1.2571741e-07       833.3531          0.011 
    Step    Atoms         KinEng            rke       heattran         Volume 
  285001     1005  2.5788248e-09  1.2571741e-07      840.47342          0.011 
  285501     1005  1.7629438e-09  1.2065981e-07       833.3531          0.011 
    Step    Atoms         KinEng            rke       heattran         Volume 
  285501     1005  1.7629438e-09  1.2065981e-07      840.47342          0.011 
  286000     1005  1.0393665e-08  1.6621113e-07      833.36735          0.011 
  286001     1005  1.0419947e-08  1.6635321e-07      833.35311          0.011 
    Step    Atoms         KinEng            rke       heattran         Volume 
  286001     1005  1.0419947e-08  1.6635321e-07      840.47342          0.011 
  286501     1005  2.8213957e-08  2.6234903e-07      833.35311          0.011 
    Step    Atoms         KinEng            rke       heattran         Volume 
  286501     1005  2.8213957e-08  2.6234903e-07      840.47342          0.011 
  287000     1005  5.5307447e-08  4.0678125e-07      833.36736          0.011 
  287001     1005  5.5370624e-08  4.0711868e-07      833.35312          0.011 
    Step    Atoms         KinEng            rke       heattran         Volume 
  287001     1005  5.5370624e-08  4.0711868e-07      840.47342          0.011 
  287501     1005  9.1071357e-08  5.9929189e-07      833.35313          0.011 
    Step    Atoms         KinEng            rke       heattran         Volume 
  287501     1005  9.1071357e-08  5.9929189e-07      840.47342          0.011 
  288000     1005  1.3492395e-07  8.3593133e-07      833.36737          0.011 
  288001     1005  1.3502012e-07  8.3644856e-07      833.35313          0.011 
    Step    Atoms         KinEng            rke       heattran         Volume 
  288001     1005  1.3502012e-07  8.3644856e-07      840.47342          0.011 
  288501     1005  1.8692706e-07  1.1155738e-06      833.35314          0.011 
    Step    Atoms         KinEng            rke       heattran         Volume 
  288501     1005  1.8692706e-07  1.1155738e-06      840.47342          0.011 
  289000     1005  2.4575825e-07  1.4328956e-06      833.36738          0.011 
  289001     1005  2.4588283e-07   1.433568e-06      833.35314          0.011 
    Step    Atoms         KinEng            rke       heattran         Volume 
  289001     1005  2.4588283e-07   1.433568e-06      840.47342          0.011 
  289501     1005  3.1128075e-07  1.7865676e-06      833.35315          0.011 
    Step    Atoms         KinEng            rke       heattran         Volume 
  289501     1005  3.1128075e-07  1.7865676e-06      840.47342          0.011 
  290000     1005   3.822803e-07  2.1695089e-06      833.36739          0.011 
  290001     1005  3.8242774e-07  2.1703043e-06      833.35315          0.011 
    Step    Atoms         KinEng            rke       heattran         Volume 
  290001     1005  3.8242774e-07  2.1703043e-06      840.47342          0.011 
  290501     1005  4.5833747e-07  2.5803099e-06      833.35316          0.011 
    Step    Atoms         KinEng            rke       heattran         Volume 
  290501     1005  4.5833747e-07  2.5803099e-06      840.47342          0.011 
  291000     1005  5.3799961e-07  3.0107771e-06      833.36741          0.011 
  291001     1005  5.3816268e-07  3.0116578e-06      833.35317          0.011 
    Step    Atoms         KinEng            rke       heattran         Volume 
  291001     1005  5.3816268e-07  3.0116578e-06      840.47342          0.011 
  291501     1005  6.2097398e-07  3.4591792e-06      833.35317          0.011 
    Step    Atoms         KinEng            rke       heattran         Volume 
  291501     1005  6.2097398e-07  3.4591792e-06      840.47342          0.011 
  292000     1005  7.0556223e-07  3.9166369e-06      833.36742          0.011 
  292001     1005  7.0573311e-07   3.917561e-06      833.35318          0.011 
    Step    Atoms         KinEng            rke       heattran         Volume 
  292001     1005  7.0573311e-07   3.917561e-06      840.47342          0.011 
  292501     1005  7.9141979e-07  4.3813124e-06      833.35318          0.011 
    Step    Atoms         KinEng            rke       heattran         Volume 
  292501     1005  7.9141979e-07  4.3813124e-06      840.47342          0.011 
  293000     1005  8.7686286e-07  4.8439313e-06      833.36743          0.011 
  293001     1005  8.7703342e-07  4.8448546e-06      833.35319          0.011 
    Step    Atoms         KinEng            rke       heattran         Volume 
  293001     1005  8.7703342e-07  4.8448546e-06      840.47342          0.011 
  293501     1005  9.6152981e-07  5.3026214e-06      833.35319          0.011 
    Step    Atoms         KinEng            rke       heattran         Volume 
  293501     1005  9.6152981e-07  5.3026214e-06      840.47342          0.011 
  294000     1005  1.0437171e-06  5.7482292e-06      833.36744          0.011 
  294001     1005   1.043879e-06  5.7491075e-06       833.3532          0.011 
    Step    Atoms         KinEng            rke       heattran         Volume 
  294001     1005   1.043879e-06  5.7491075e-06      840.47342          0.011 
  294501     1005  1.1230842e-06  6.1789197e-06       833.3532          0.011 
    Step    Atoms         KinEng            rke       heattran         Volume 
  294501     1005  1.1230842e-06  6.1789197e-06      840.47342          0.011 
  295000     1005  1.1980604e-06  6.5860577e-06      833.36745          0.011 
  295001     1005   1.198206e-06  6.5868485e-06      833.35321          0.011 
    Step    Atoms         KinEng            rke       heattran         Volume 
  295001     1005   1.198206e-06  6.5868485e-06      840.47342          0.011 
  295501     1005  1.2683215e-06  6.9679535e-06      833.35321          0.011 
    Step    Atoms         KinEng            rke       heattran         Volume 
  295501     1005  1.2683215e-06  6.9679535e-06      840.47342          0.011 
  296000     1005  1.3324582e-06   7.316941e-06      833.36746          0.011 
  296001     1005  1.3325805e-06  7.3176061e-06      833.35322          0.011 
    Step    Atoms         KinEng            rke       heattran         Volume 
  296001     1005  1.3325805e-06  7.3176061e-06      840.47342          0.011 
  296501     1005  1.3902055e-06  7.6315479e-06      833.35322          0.011 
    Step    Atoms         KinEng            rke       heattran         Volume 
  296501     1005  1.3902055e-06  7.6315479e-06      840.47342          0.011 
  297000     1005  1.4404059e-06  7.9054347e-06      833.36747          0.011 
  297001     1005  1.4404988e-06  7.9059418e-06      833.35323          0.011 
    Step    Atoms         KinEng            rke       heattran         Volume 
  297001     1005  1.4404988e-06  7.9059418e-06      840.47342          0.011 
  297501     1005  1.4828597e-06  8.1374404e-06      833.35323          0.011 
    Step    Atoms         KinEng            rke       heattran         Volume 
  297501     1005  1.4828597e-06  8.1374404e-06      840.47342          0.011 
  298000     1005  1.5169241e-06  8.3227232e-06      833.36748          0.011 
  298001     1005  1.5169836e-06  8.3230472e-06      833.35324          0.011 
    Step    Atoms         KinEng            rke       heattran         Volume 
  298001     1005  1.5169836e-06  8.3230472e-06      840.47342          0.011 
  298501     1005   1.541904e-06  8.4608826e-06      833.35324          0.011 
    Step    Atoms         KinEng            rke       heattran         Volume 
  298501     1005   1.541904e-06  8.4608826e-06      840.47342          0.011 
  299000     1005  1.5577458e-06  8.5487926e-06      833.36748          0.011 
  299001     1005  1.5577685e-06  8.5489181e-06      833.35324          0.011 
    Step    Atoms         KinEng            rke       heattran         Volume 
  299001     1005  1.5577685e-06  8.5489181e-06      840.47342          0.011 
  299501     1005  1.5643636e-06  8.5860953e-06      833.35325          0.011 
    Step    Atoms         KinEng            rke       heattran         Volume 
  299501     1005  1.5643636e-06  8.5860953e-06      840.47342          0.011 
  300000     1005  1.5614975e-06  8.5721295e-06      833.36749          0.011 
  300001     1005  1.5614824e-06  8.5720502e-06      833.35325          0.011 
