/*--------------------------------*- C++ -*----------------------------------*\
| =========                 |                                                 |
| \\      /  F ield         | OpenFOAM: The Open Source CFD Toolbox           |
|  \\    /   O peration     | Version:  5.x                                   |
|   \\  /    A nd           | Web:      www.OpenFOAM.org                      |
|    \\/     M anipulation  |                                                 |
\*---------------------------------------------------------------------------*/
FoamFile
{
    version     2.0;
    format      ascii;
    class       faceList;
    location    "constant/polyMesh";
    object      faces;
}
// * * * * * * * * * * * * * * * * * * * * * * * * * * * * * * * * * * * * * //


532
(
4(1 4 13 10)
4(3 12 13 4)
4(9 10 13 12)
4(4 13 14 5)
4(10 11 14 13)
4(4 7 16 13)
4(12 13 16 15)
4(13 14 17 16)
4(10 13 22 19)
4(12 21 22 13)
4(18 19 22 21)
4(13 22 23 14)
4(19 20 23 22)
4(13 16 25 22)
4(21 22 25 24)
4(22 23 26 25)
4(19 22 31 28)
4(21 30 31 22)
4(27 28 31 30)
4(22 31 32 23)
4(28 29 32 31)
4(22 25 34 31)
4(30 31 34 33)
4(31 32 35 34)
4(28 31 40 37)
4(30 39 40 31)
4(36 37 40 39)
4(31 40 41 32)
4(37 38 41 40)
4(31 34 43 40)
4(39 40 43 42)
4(40 41 44 43)
4(37 40 49 46)
4(39 48 49 40)
4(45 46 49 48)
4(40 49 50 41)
4(46 47 50 49)
4(40 43 52 49)
4(48 49 52 51)
4(49 50 53 52)
4(46 49 58 55)
4(48 57 58 49)
4(54 55 58 57)
4(49 58 59 50)
4(55 56 59 58)
4(49 52 61 58)
4(57 58 61 60)
4(58 59 62 61)
4(55 58 67 64)
4(57 66 67 58)
4(63 64 67 66)
4(58 67 68 59)
4(64 65 68 67)
4(58 61 70 67)
4(66 67 70 69)
4(67 68 71 70)
4(64 67 76 73)
4(66 75 76 67)
4(72 73 76 75)
4(67 76 77 68)
4(73 74 77 76)
4(67 70 79 76)
4(75 76 79 78)
4(76 77 80 79)
4(73 76 85 82)
4(75 84 85 76)
4(81 82 85 84)
4(76 85 86 77)
4(82 83 86 85)
4(76 79 88 85)
4(84 85 88 87)
4(85 86 89 88)
4(82 85 94 91)
4(84 93 94 85)
4(90 91 94 93)
4(85 94 95 86)
4(91 92 95 94)
4(85 88 97 94)
4(93 94 97 96)
4(94 95 98 97)
4(91 94 103 100)
4(93 102 103 94)
4(99 100 103 102)
4(94 103 104 95)
4(100 101 104 103)
4(94 97 106 103)
4(102 103 106 105)
4(103 104 107 106)
4(100 103 112 109)
4(102 111 112 103)
4(108 109 112 111)
4(103 112 113 104)
4(109 110 113 112)
4(103 106 115 112)
4(111 112 115 114)
4(112 113 116 115)
4(109 112 121 118)
4(111 120 121 112)
4(117 118 121 120)
4(112 121 122 113)
4(118 119 122 121)
4(112 115 124 121)
4(120 121 124 123)
4(121 122 125 124)
4(118 121 130 127)
4(120 129 130 121)
4(126 127 130 129)
4(121 130 131 122)
4(127 128 131 130)
4(121 124 133 130)
4(129 130 133 132)
4(130 131 134 133)
4(127 130 139 136)
4(129 138 139 130)
4(135 136 139 138)
4(130 139 140 131)
4(136 137 140 139)
4(130 133 142 139)
4(138 139 142 141)
4(139 140 143 142)
4(136 139 148 145)
4(138 147 148 139)
4(144 145 148 147)
4(139 148 149 140)
4(145 146 149 148)
4(139 142 151 148)
4(147 148 151 150)
4(148 149 152 151)
4(145 148 157 154)
4(147 156 157 148)
4(153 154 157 156)
4(148 157 158 149)
4(154 155 158 157)
4(148 151 160 157)
4(156 157 160 159)
4(157 158 161 160)
4(154 157 166 163)
4(156 165 166 157)
4(162 163 166 165)
4(157 166 167 158)
4(163 164 167 166)
4(157 160 169 166)
4(165 166 169 168)
4(166 167 170 169)
4(163 166 175 172)
4(165 174 175 166)
4(171 172 175 174)
4(166 175 176 167)
4(172 173 176 175)
4(166 169 178 175)
4(174 175 178 177)
4(175 176 179 178)
4(172 175 184 181)
4(174 183 184 175)
4(180 181 184 183)
4(175 184 185 176)
4(181 182 185 184)
4(175 178 187 184)
4(183 184 187 186)
4(184 185 188 187)
4(181 184 193 190)
4(183 192 193 184)
4(189 190 193 192)
4(184 193 194 185)
4(190 191 194 193)
4(184 187 196 193)
4(192 193 196 195)
4(193 194 197 196)
4(190 193 202 199)
4(192 201 202 193)
4(198 199 202 201)
4(193 202 203 194)
4(199 200 203 202)
4(193 196 205 202)
4(201 202 205 204)
4(202 203 206 205)
4(199 202 211 208)
4(201 210 211 202)
4(207 208 211 210)
4(202 211 212 203)
4(208 209 212 211)
4(202 205 214 211)
4(210 211 214 213)
4(211 212 215 214)
4(208 211 220 217)
4(210 219 220 211)
4(216 217 220 219)
4(211 220 221 212)
4(217 218 221 220)
4(211 214 223 220)
4(219 220 223 222)
4(220 221 224 223)
4(217 220 229 226)
4(219 228 229 220)
4(225 226 229 228)
4(220 229 230 221)
4(226 227 230 229)
4(220 223 232 229)
4(228 229 232 231)
4(229 230 233 232)
4(226 229 238 235)
4(228 237 238 229)
4(234 235 238 237)
4(229 238 239 230)
4(235 236 239 238)
4(229 232 241 238)
4(237 238 241 240)
4(238 239 242 241)
4(235 238 247 244)
4(237 246 247 238)
4(243 244 247 246)
4(238 247 248 239)
4(244 245 248 247)
4(238 241 250 247)
4(246 247 250 249)
4(247 248 251 250)
4(244 247 256 253)
4(246 255 256 247)
4(252 253 256 255)
4(247 256 257 248)
4(253 254 257 256)
4(247 250 259 256)
4(255 256 259 258)
4(256 257 260 259)
4(253 256 265 262)
4(255 264 265 256)
4(261 262 265 264)
4(256 265 266 257)
4(262 263 266 265)
4(256 259 268 265)
4(264 265 268 267)
4(265 266 269 268)
4(262 265 274 271)
4(264 273 274 265)
4(270 271 274 273)
4(265 274 275 266)
4(271 272 275 274)
4(265 268 277 274)
4(273 274 277 276)
4(274 275 278 277)
4(271 274 283 280)
4(273 282 283 274)
4(279 280 283 282)
4(274 283 284 275)
4(280 281 284 283)
4(274 277 286 283)
4(282 283 286 285)
4(283 284 287 286)
4(280 283 292 289)
4(282 291 292 283)
4(288 289 292 291)
4(283 292 293 284)
4(289 290 293 292)
4(283 286 295 292)
4(291 292 295 294)
4(292 293 296 295)
4(289 292 301 298)
4(291 300 301 292)
4(292 301 302 293)
4(292 295 304 301)
4(0 3 4 1)
4(3 6 7 4)
4(1 4 5 2)
4(4 7 8 5)
4(297 298 301 300)
4(300 301 304 303)
4(298 299 302 301)
4(301 302 305 304)
4(6 15 16 7)
4(15 24 25 16)
4(24 33 34 25)
4(33 42 43 34)
4(42 51 52 43)
4(51 60 61 52)
4(60 69 70 61)
4(69 78 79 70)
4(78 87 88 79)
4(87 96 97 88)
4(96 105 106 97)
4(105 114 115 106)
4(114 123 124 115)
4(123 132 133 124)
4(132 141 142 133)
4(141 150 151 142)
4(150 159 160 151)
4(159 168 169 160)
4(168 177 178 169)
4(177 186 187 178)
4(186 195 196 187)
4(195 204 205 196)
4(204 213 214 205)
4(213 222 223 214)
4(222 231 232 223)
4(231 240 241 232)
4(240 249 250 241)
4(249 258 259 250)
4(258 267 268 259)
4(267 276 277 268)
4(276 285 286 277)
4(285 294 295 286)
4(294 303 304 295)
4(7 16 17 8)
4(16 25 26 17)
4(25 34 35 26)
4(34 43 44 35)
4(43 52 53 44)
4(52 61 62 53)
4(61 70 71 62)
4(70 79 80 71)
4(79 88 89 80)
4(88 97 98 89)
4(97 106 107 98)
4(106 115 116 107)
4(115 124 125 116)
4(124 133 134 125)
4(133 142 143 134)
4(142 151 152 143)
4(151 160 161 152)
4(160 169 170 161)
4(169 178 179 170)
4(178 187 188 179)
4(187 196 197 188)
4(196 205 206 197)
4(205 214 215 206)
4(214 223 224 215)
4(223 232 233 224)
4(232 241 242 233)
4(241 250 251 242)
4(250 259 260 251)
4(259 268 269 260)
4(268 277 278 269)
4(277 286 287 278)
4(286 295 296 287)
4(295 304 305 296)
4(0 1 10 9)
4(9 10 19 18)
4(18 19 28 27)
4(27 28 37 36)
4(36 37 46 45)
4(45 46 55 54)
4(54 55 64 63)
4(63 64 73 72)
4(72 73 82 81)
4(81 82 91 90)
4(90 91 100 99)
4(99 100 109 108)
4(108 109 118 117)
4(117 118 127 126)
4(126 127 136 135)
4(135 136 145 144)
4(144 145 154 153)
4(153 154 163 162)
4(162 163 172 171)
4(171 172 181 180)
4(180 181 190 189)
4(189 190 199 198)
4(198 199 208 207)
4(207 208 217 216)
4(216 217 226 225)
4(225 226 235 234)
4(234 235 244 243)
4(243 244 253 252)
4(252 253 262 261)
4(261 262 271 270)
4(270 271 280 279)
4(279 280 289 288)
4(288 289 298 297)
4(1 2 11 10)
4(10 11 20 19)
4(19 20 29 28)
4(28 29 38 37)
4(37 38 47 46)
4(46 47 56 55)
4(55 56 65 64)
4(64 65 74 73)
4(73 74 83 82)
4(82 83 92 91)
4(91 92 101 100)
4(100 101 110 109)
4(109 110 119 118)
4(118 119 128 127)
4(127 128 137 136)
4(136 137 146 145)
4(145 146 155 154)
4(154 155 164 163)
4(163 164 173 172)
4(172 173 182 181)
4(181 182 191 190)
4(190 191 200 199)
4(199 200 209 208)
4(208 209 218 217)
4(217 218 227 226)
4(226 227 236 235)
4(235 236 245 244)
4(244 245 254 253)
4(253 254 263 262)
4(262 263 272 271)
4(271 272 281 280)
4(280 281 290 289)
4(289 290 299 298)
4(0 9 12 3)
4(3 12 15 6)
4(9 18 21 12)
4(12 21 24 15)
4(18 27 30 21)
4(21 30 33 24)
4(27 36 39 30)
4(30 39 42 33)
4(36 45 48 39)
4(39 48 51 42)
4(45 54 57 48)
4(48 57 60 51)
4(54 63 66 57)
4(57 66 69 60)
4(63 72 75 66)
4(66 75 78 69)
4(72 81 84 75)
4(75 84 87 78)
4(81 90 93 84)
4(84 93 96 87)
4(90 99 102 93)
4(93 102 105 96)
4(99 108 111 102)
4(102 111 114 105)
4(108 117 120 111)
4(111 120 123 114)
4(117 126 129 120)
4(120 129 132 123)
4(126 135 138 129)
4(129 138 141 132)
4(135 144 147 138)
4(138 147 150 141)
4(144 153 156 147)
4(147 156 159 150)
4(153 162 165 156)
4(156 165 168 159)
4(162 171 174 165)
4(165 174 177 168)
4(171 180 183 174)
4(174 183 186 177)
4(180 189 192 183)
4(183 192 195 186)
4(189 198 201 192)
4(192 201 204 195)
4(198 207 210 201)
4(201 210 213 204)
4(207 216 219 210)
4(210 219 222 213)
4(216 225 228 219)
4(219 228 231 222)
4(225 234 237 228)
4(228 237 240 231)
4(234 243 246 237)
4(237 246 249 240)
4(243 252 255 246)
4(246 255 258 249)
4(252 261 264 255)
4(255 264 267 258)
4(261 270 273 264)
4(264 273 276 267)
4(270 279 282 273)
4(273 282 285 276)
4(279 288 291 282)
4(282 291 294 285)
4(288 297 300 291)
4(291 300 303 294)
4(2 5 14 11)
4(5 8 17 14)
4(11 14 23 20)
4(14 17 26 23)
4(20 23 32 29)
4(23 26 35 32)
4(29 32 41 38)
4(32 35 44 41)
4(38 41 50 47)
4(41 44 53 50)
4(47 50 59 56)
4(50 53 62 59)
4(56 59 68 65)
4(59 62 71 68)
4(65 68 77 74)
4(68 71 80 77)
4(74 77 86 83)
4(77 80 89 86)
4(83 86 95 92)
4(86 89 98 95)
4(92 95 104 101)
4(95 98 107 104)
4(101 104 113 110)
4(104 107 116 113)
4(110 113 122 119)
4(113 116 125 122)
4(119 122 131 128)
4(122 125 134 131)
4(128 131 140 137)
4(131 134 143 140)
4(137 140 149 146)
4(140 143 152 149)
4(146 149 158 155)
4(149 152 161 158)
4(155 158 167 164)
4(158 161 170 167)
4(164 167 176 173)
4(167 170 179 176)
4(173 176 185 182)
4(176 179 188 185)
4(182 185 194 191)
4(185 188 197 194)
4(191 194 203 200)
4(194 197 206 203)
4(200 203 212 209)
4(203 206 215 212)
4(209 212 221 218)
4(212 215 224 221)
4(218 221 230 227)
4(221 224 233 230)
4(227 230 239 236)
4(230 233 242 239)
4(236 239 248 245)
4(239 242 251 248)
4(245 248 257 254)
4(248 251 260 257)
4(254 257 266 263)
4(257 260 269 266)
4(263 266 275 272)
4(266 269 278 275)
4(272 275 284 281)
4(275 278 287 284)
4(281 284 293 290)
4(284 287 296 293)
4(290 293 302 299)
4(293 296 305 302)
)


// ************************************************************************* //
