/*--------------------------------*- C++ -*----------------------------------*\
| =========                 |                                                 |
| \\      /  F ield         | OpenFOAM: The Open Source CFD Toolbox           |
|  \\    /   O peration     | Version:  5.x                                   |
|   \\  /    A nd           | Web:      www.OpenFOAM.org                      |
|    \\/     M anipulation  |                                                 |
\*---------------------------------------------------------------------------*/
FoamFile
{
    version     2.0;
    format      ascii;
    class       labelList;
    note        "nPoints: 306 nCells: 132 nFaces: 532 nInternalFaces: 260";
    location    "constant/polyMesh";
    object      neighbour;
}
// * * * * * * * * * * * * * * * * * * * * * * * * * * * * * * * * * * * * * //


260
(
1
2
4
3
5
3
6
7
5
6
8
7
9
7
10
11
9
10
12
11
13
11
14
15
13
14
16
15
17
15
18
19
17
18
20
19
21
19
22
23
21
22
24
23
25
23
26
27
25
26
28
27
29
27
30
31
29
30
32
31
33
31
34
35
33
34
36
35
37
35
38
39
37
38
40
39
41
39
42
43
41
42
44
43
45
43
46
47
45
46
48
47
49
47
50
51
49
50
52
51
53
51
54
55
53
54
56
55
57
55
58
59
57
58
60
59
61
59
62
63
61
62
64
63
65
63
66
67
65
66
68
67
69
67
70
71
69
70
72
71
73
71
74
75
73
74
76
75
77
75
78
79
77
78
80
79
81
79
82
83
81
82
84
83
85
83
86
87
85
86
88
87
89
87
90
91
89
90
92
91
93
91
94
95
93
94
96
95
97
95
98
99
97
98
100
99
101
99
102
103
101
102
104
103
105
103
106
107
105
106
108
107
109
107
110
111
109
110
112
111
113
111
114
115
113
114
116
115
117
115
118
119
117
118
120
119
121
119
122
123
121
122
124
123
125
123
126
127
125
126
128
127
129
127
130
131
129
130
131
131
)


// ************************************************************************* //
