/*--------------------------------*- C++ -*----------------------------------*\
| =========                 |                                                 |
| \\      /  F ield         | OpenFOAM: The Open Source CFD Toolbox           |
|  \\    /   O peration     | Version:  5.x                                   |
|   \\  /    A nd           | Web:      www.OpenFOAM.org                      |
|    \\/     M anipulation  |                                                 |
\*---------------------------------------------------------------------------*/
FoamFile
{
    version     2.0;
    format      ascii;
    class       labelList;
    note        "nPoints: 306 nCells: 132 nFaces: 532 nInternalFaces: 260";
    location    "constant/polyMesh";
    object      owner;
}
// * * * * * * * * * * * * * * * * * * * * * * * * * * * * * * * * * * * * * //


532
(
0
0
0
1
1
2
2
3
4
4
4
5
5
6
6
7
8
8
8
9
9
10
10
11
12
12
12
13
13
14
14
15
16
16
16
17
17
18
18
19
20
20
20
21
21
22
22
23
24
24
24
25
25
26
26
27
28
28
28
29
29
30
30
31
32
32
32
33
33
34
34
35
36
36
36
37
37
38
38
39
40
40
40
41
41
42
42
43
44
44
44
45
45
46
46
47
48
48
48
49
49
50
50
51
52
52
52
53
53
54
54
55
56
56
56
57
57
58
58
59
60
60
60
61
61
62
62
63
64
64
64
65
65
66
66
67
68
68
68
69
69
70
70
71
72
72
72
73
73
74
74
75
76
76
76
77
77
78
78
79
80
80
80
81
81
82
82
83
84
84
84
85
85
86
86
87
88
88
88
89
89
90
90
91
92
92
92
93
93
94
94
95
96
96
96
97
97
98
98
99
100
100
100
101
101
102
102
103
104
104
104
105
105
106
106
107
108
108
108
109
109
110
110
111
112
112
112
113
113
114
114
115
116
116
116
117
117
118
118
119
120
120
120
121
121
122
122
123
124
124
124
125
125
126
126
127
128
128
129
130
0
2
1
3
128
130
129
131
2
6
10
14
18
22
26
30
34
38
42
46
50
54
58
62
66
70
74
78
82
86
90
94
98
102
106
110
114
118
122
126
130
3
7
11
15
19
23
27
31
35
39
43
47
51
55
59
63
67
71
75
79
83
87
91
95
99
103
107
111
115
119
123
127
131
0
4
8
12
16
20
24
28
32
36
40
44
48
52
56
60
64
68
72
76
80
84
88
92
96
100
104
108
112
116
120
124
128
1
5
9
13
17
21
25
29
33
37
41
45
49
53
57
61
65
69
73
77
81
85
89
93
97
101
105
109
113
117
121
125
129
0
2
4
6
8
10
12
14
16
18
20
22
24
26
28
30
32
34
36
38
40
42
44
46
48
50
52
54
56
58
60
62
64
66
68
70
72
74
76
78
80
82
84
86
88
90
92
94
96
98
100
102
104
106
108
110
112
114
116
118
120
122
124
126
128
130
1
3
5
7
9
11
13
15
17
19
21
23
25
27
29
31
33
35
37
39
41
43
45
47
49
51
53
55
57
59
61
63
65
67
69
71
73
75
77
79
81
83
85
87
89
91
93
95
97
99
101
103
105
107
109
111
113
115
117
119
121
123
125
127
129
131
)


// ************************************************************************* //
