/*--------------------------------*- C++ -*----------------------------------*\
| =========                 |                                                 |
| \\      /  F ield         | OpenFOAM: The Open Source CFD Toolbox           |
|  \\    /   O peration     | Version:  5.x                                   |
|   \\  /    A nd           | Web:      www.OpenFOAM.org                      |
|    \\/     M anipulation  |                                                 |
\*---------------------------------------------------------------------------*/
FoamFile
{
    version     2.0;
    format      ascii;
    class       vectorField;
    location    "constant/polyMesh";
    object      points;
}
// * * * * * * * * * * * * * * * * * * * * * * * * * * * * * * * * * * * * * //


306
(
(0 0 -0.5)
(0.05 0 -0.5)
(0.1 0 -0.5)
(0 0.05 -0.5)
(0.05 0.05 -0.5)
(0.1 0.05 -0.5)
(0 0.1 -0.5)
(0.05 0.1 -0.5)
(0.1 0.1 -0.5)
(0 0 -0.4393939394)
(0.05 0 -0.4393939394)
(0.1 0 -0.4393939394)
(0 0.05 -0.4393939394)
(0.05 0.05 -0.4393939394)
(0.1 0.05 -0.4393939394)
(0 0.1 -0.4393939394)
(0.05 0.1 -0.4393939394)
(0.1 0.1 -0.4393939394)
(0 0 -0.3787878788)
(0.05 0 -0.3787878788)
(0.1 0 -0.3787878788)
(0 0.05 -0.3787878788)
(0.05 0.05 -0.3787878788)
(0.1 0.05 -0.3787878788)
(0 0.1 -0.3787878788)
(0.05 0.1 -0.3787878788)
(0.1 0.1 -0.3787878788)
(0 0 -0.3181818182)
(0.05 0 -0.3181818182)
(0.1 0 -0.3181818182)
(0 0.05 -0.3181818182)
(0.05 0.05 -0.3181818182)
(0.1 0.05 -0.3181818182)
(0 0.1 -0.3181818182)
(0.05 0.1 -0.3181818182)
(0.1 0.1 -0.3181818182)
(0 0 -0.2575757576)
(0.05 0 -0.2575757576)
(0.1 0 -0.2575757576)
(0 0.05 -0.2575757576)
(0.05 0.05 -0.2575757576)
(0.1 0.05 -0.2575757576)
(0 0.1 -0.2575757576)
(0.05 0.1 -0.2575757576)
(0.1 0.1 -0.2575757576)
(0 0 -0.196969697)
(0.05 0 -0.196969697)
(0.1 0 -0.196969697)
(0 0.05 -0.196969697)
(0.05 0.05 -0.196969697)
(0.1 0.05 -0.196969697)
(0 0.1 -0.196969697)
(0.05 0.1 -0.196969697)
(0.1 0.1 -0.196969697)
(0 0 -0.1363636364)
(0.05 0 -0.1363636364)
(0.1 0 -0.1363636364)
(0 0.05 -0.1363636364)
(0.05 0.05 -0.1363636364)
(0.1 0.05 -0.1363636364)
(0 0.1 -0.1363636364)
(0.05 0.1 -0.1363636364)
(0.1 0.1 -0.1363636364)
(0 0 -0.07575757576)
(0.05 0 -0.07575757576)
(0.1 0 -0.07575757576)
(0 0.05 -0.07575757576)
(0.05 0.05 -0.07575757576)
(0.1 0.05 -0.07575757576)
(0 0.1 -0.07575757576)
(0.05 0.1 -0.07575757576)
(0.1 0.1 -0.07575757576)
(0 0 -0.01515151515)
(0.05 0 -0.01515151515)
(0.1 0 -0.01515151515)
(0 0.05 -0.01515151515)
(0.05 0.05 -0.01515151515)
(0.1 0.05 -0.01515151515)
(0 0.1 -0.01515151515)
(0.05 0.1 -0.01515151515)
(0.1 0.1 -0.01515151515)
(0 0 0.04545454545)
(0.05 0 0.04545454545)
(0.1 0 0.04545454545)
(0 0.05 0.04545454545)
(0.05 0.05 0.04545454545)
(0.1 0.05 0.04545454545)
(0 0.1 0.04545454545)
(0.05 0.1 0.04545454545)
(0.1 0.1 0.04545454545)
(0 0 0.1060606061)
(0.05 0 0.1060606061)
(0.1 0 0.1060606061)
(0 0.05 0.1060606061)
(0.05 0.05 0.1060606061)
(0.1 0.05 0.1060606061)
(0 0.1 0.1060606061)
(0.05 0.1 0.1060606061)
(0.1 0.1 0.1060606061)
(0 0 0.1666666667)
(0.05 0 0.1666666667)
(0.1 0 0.1666666667)
(0 0.05 0.1666666667)
(0.05 0.05 0.1666666667)
(0.1 0.05 0.1666666667)
(0 0.1 0.1666666667)
(0.05 0.1 0.1666666667)
(0.1 0.1 0.1666666667)
(0 0 0.2272727273)
(0.05 0 0.2272727273)
(0.1 0 0.2272727273)
(0 0.05 0.2272727273)
(0.05 0.05 0.2272727273)
(0.1 0.05 0.2272727273)
(0 0.1 0.2272727273)
(0.05 0.1 0.2272727273)
(0.1 0.1 0.2272727273)
(0 0 0.2878787879)
(0.05 0 0.2878787879)
(0.1 0 0.2878787879)
(0 0.05 0.2878787879)
(0.05 0.05 0.2878787879)
(0.1 0.05 0.2878787879)
(0 0.1 0.2878787879)
(0.05 0.1 0.2878787879)
(0.1 0.1 0.2878787879)
(0 0 0.3484848485)
(0.05 0 0.3484848485)
(0.1 0 0.3484848485)
(0 0.05 0.3484848485)
(0.05 0.05 0.3484848485)
(0.1 0.05 0.3484848485)
(0 0.1 0.3484848485)
(0.05 0.1 0.3484848485)
(0.1 0.1 0.3484848485)
(0 0 0.4090909091)
(0.05 0 0.4090909091)
(0.1 0 0.4090909091)
(0 0.05 0.4090909091)
(0.05 0.05 0.4090909091)
(0.1 0.05 0.4090909091)
(0 0.1 0.4090909091)
(0.05 0.1 0.4090909091)
(0.1 0.1 0.4090909091)
(0 0 0.4696969697)
(0.05 0 0.4696969697)
(0.1 0 0.4696969697)
(0 0.05 0.4696969697)
(0.05 0.05 0.4696969697)
(0.1 0.05 0.4696969697)
(0 0.1 0.4696969697)
(0.05 0.1 0.4696969697)
(0.1 0.1 0.4696969697)
(0 0 0.5303030303)
(0.05 0 0.5303030303)
(0.1 0 0.5303030303)
(0 0.05 0.5303030303)
(0.05 0.05 0.5303030303)
(0.1 0.05 0.5303030303)
(0 0.1 0.5303030303)
(0.05 0.1 0.5303030303)
(0.1 0.1 0.5303030303)
(0 0 0.5909090909)
(0.05 0 0.5909090909)
(0.1 0 0.5909090909)
(0 0.05 0.5909090909)
(0.05 0.05 0.5909090909)
(0.1 0.05 0.5909090909)
(0 0.1 0.5909090909)
(0.05 0.1 0.5909090909)
(0.1 0.1 0.5909090909)
(0 0 0.6515151515)
(0.05 0 0.6515151515)
(0.1 0 0.6515151515)
(0 0.05 0.6515151515)
(0.05 0.05 0.6515151515)
(0.1 0.05 0.6515151515)
(0 0.1 0.6515151515)
(0.05 0.1 0.6515151515)
(0.1 0.1 0.6515151515)
(0 0 0.7121212121)
(0.05 0 0.7121212121)
(0.1 0 0.7121212121)
(0 0.05 0.7121212121)
(0.05 0.05 0.7121212121)
(0.1 0.05 0.7121212121)
(0 0.1 0.7121212121)
(0.05 0.1 0.7121212121)
(0.1 0.1 0.7121212121)
(0 0 0.7727272727)
(0.05 0 0.7727272727)
(0.1 0 0.7727272727)
(0 0.05 0.7727272727)
(0.05 0.05 0.7727272727)
(0.1 0.05 0.7727272727)
(0 0.1 0.7727272727)
(0.05 0.1 0.7727272727)
(0.1 0.1 0.7727272727)
(0 0 0.8333333333)
(0.05 0 0.8333333333)
(0.1 0 0.8333333333)
(0 0.05 0.8333333333)
(0.05 0.05 0.8333333333)
(0.1 0.05 0.8333333333)
(0 0.1 0.8333333333)
(0.05 0.1 0.8333333333)
(0.1 0.1 0.8333333333)
(0 0 0.8939393939)
(0.05 0 0.8939393939)
(0.1 0 0.8939393939)
(0 0.05 0.8939393939)
(0.05 0.05 0.8939393939)
(0.1 0.05 0.8939393939)
(0 0.1 0.8939393939)
(0.05 0.1 0.8939393939)
(0.1 0.1 0.8939393939)
(0 0 0.9545454545)
(0.05 0 0.9545454545)
(0.1 0 0.9545454545)
(0 0.05 0.9545454545)
(0.05 0.05 0.9545454545)
(0.1 0.05 0.9545454545)
(0 0.1 0.9545454545)
(0.05 0.1 0.9545454545)
(0.1 0.1 0.9545454545)
(0 0 1.015151515)
(0.05 0 1.015151515)
(0.1 0 1.015151515)
(0 0.05 1.015151515)
(0.05 0.05 1.015151515)
(0.1 0.05 1.015151515)
(0 0.1 1.015151515)
(0.05 0.1 1.015151515)
(0.1 0.1 1.015151515)
(0 0 1.075757576)
(0.05 0 1.075757576)
(0.1 0 1.075757576)
(0 0.05 1.075757576)
(0.05 0.05 1.075757576)
(0.1 0.05 1.075757576)
(0 0.1 1.075757576)
(0.05 0.1 1.075757576)
(0.1 0.1 1.075757576)
(0 0 1.136363636)
(0.05 0 1.136363636)
(0.1 0 1.136363636)
(0 0.05 1.136363636)
(0.05 0.05 1.136363636)
(0.1 0.05 1.136363636)
(0 0.1 1.136363636)
(0.05 0.1 1.136363636)
(0.1 0.1 1.136363636)
(0 0 1.196969697)
(0.05 0 1.196969697)
(0.1 0 1.196969697)
(0 0.05 1.196969697)
(0.05 0.05 1.196969697)
(0.1 0.05 1.196969697)
(0 0.1 1.196969697)
(0.05 0.1 1.196969697)
(0.1 0.1 1.196969697)
(0 0 1.257575758)
(0.05 0 1.257575758)
(0.1 0 1.257575758)
(0 0.05 1.257575758)
(0.05 0.05 1.257575758)
(0.1 0.05 1.257575758)
(0 0.1 1.257575758)
(0.05 0.1 1.257575758)
(0.1 0.1 1.257575758)
(0 0 1.318181818)
(0.05 0 1.318181818)
(0.1 0 1.318181818)
(0 0.05 1.318181818)
(0.05 0.05 1.318181818)
(0.1 0.05 1.318181818)
(0 0.1 1.318181818)
(0.05 0.1 1.318181818)
(0.1 0.1 1.318181818)
(0 0 1.378787879)
(0.05 0 1.378787879)
(0.1 0 1.378787879)
(0 0.05 1.378787879)
(0.05 0.05 1.378787879)
(0.1 0.05 1.378787879)
(0 0.1 1.378787879)
(0.05 0.1 1.378787879)
(0.1 0.1 1.378787879)
(0 0 1.439393939)
(0.05 0 1.439393939)
(0.1 0 1.439393939)
(0 0.05 1.439393939)
(0.05 0.05 1.439393939)
(0.1 0.05 1.439393939)
(0 0.1 1.439393939)
(0.05 0.1 1.439393939)
(0.1 0.1 1.439393939)
(0 0 1.5)
(0.05 0 1.5)
(0.1 0 1.5)
(0 0.05 1.5)
(0.05 0.05 1.5)
(0.1 0.05 1.5)
(0 0.1 1.5)
(0.05 0.1 1.5)
(0.1 0.1 1.5)
)


// ************************************************************************* //
